  0.0125   0.76478753   0.85269853   -33.523986       0         0
  0.0375   0.78606403   0.84941153   -33.504601    0.25   0.99303
  0.0625   0.80725759   0.84606284   -33.484684     0.5    1.3311
  0.0875   0.82836667   0.84265292   -33.464238    0.75    1.5615
  0.1125   0.84938973   0.83918226   -33.443266       1    1.7361
  0.1375   0.87032528   0.83565134   -33.42177    1.25     1.875
  0.1625   0.8911718   0.83206067   -33.399751     1.5    1.9886
  0.1875   0.91192782   0.82841077   -33.377212    1.75     2.083
  0.2125   0.93259185   0.82470217   -33.354155       2    2.1623
  0.2375   0.95316244   0.8209354   -33.330583    2.25    2.2291
  0.2625   0.97363814   0.81711101   -33.306498     2.5    2.2855
  0.2875   0.99401752   0.81322957   -33.281902    2.75    2.3331
  0.3125   1.0142991   0.80929164   -33.256798       3     2.373
  0.3375   1.0344816   0.8052978   -33.231188    3.25    2.4061
  0.3625   1.0545636   0.80124865   -33.205074     3.5    2.4333
  0.3875   1.0745436   0.79714479   -33.17846    3.75    2.4551
  0.4125   1.0944204   0.79298684   -33.151348       4    2.4721
  0.4375   1.1141925   0.78877541   -33.12374    4.25    2.4848
  0.4625   1.1338587   0.78451113   -33.095639     4.5    2.4934
  0.4875   1.1534176   0.78019466   -33.067048    4.75    2.4984
  0.5125   1.172868   0.77582665   -33.037969       5       2.5
  0.5375   1.1922085   0.77140775   -33.008406    5.25    2.4985
  0.5625   1.211438   0.76693864   -32.97836     5.5     2.494
  0.5875   1.2305551   0.76242001   -32.947835    5.75    2.4869
  0.6125   1.2495586   0.75785254   -32.916833       6    2.4772
  0.6375   1.2684473   0.75323693   -32.885358    6.25    2.4652
  0.6625    1.28722   0.7485739   -32.853412     6.5    2.4509
  0.6875   1.3058756   0.74386416   -32.820998    6.75    2.4345
  0.7125   1.3244128   0.73910844   -32.788119       7    2.4161
  0.7375   1.3428306   0.73430748   -32.754778    7.25    2.3958
  0.7625   1.3611278   0.72946202   -32.720978     7.5    2.3737
  0.7875   1.3793034   0.72457281   -32.686723    7.75    2.3499
  0.8125   1.3973561   0.71964062   -32.652014       8    2.3246
  0.8375   1.415285   0.71466621   -32.616856    8.25    2.2976
  0.8625   1.4330891   0.70965036   -32.581251     8.5    2.2692
  0.8875   1.4507672   0.70459385   -32.545203    8.75    2.2394
  0.9125   1.4683184   0.69949748   -32.508714       9    2.2082
  0.9375   1.4857418   0.69436205   -32.471788    9.25    2.1757
  0.9625   1.5030362   0.68918835   -32.434428     9.5     2.142
  0.9875   1.5202009   0.68397721   -32.396637    9.75    2.1071
  1.0125   1.5372348   0.67872945   -32.358419      10    2.0711
  1.0375   1.5541371   0.67344588   -32.319776   10.25    2.0339
  1.0625   1.5709068   0.66812735   -32.280713    10.5    1.9957
  1.0875   1.5875431   0.66277469   -32.241232   10.75    1.9564
  1.1125   1.6040452   0.65738875   -32.201337      11    1.9162
  1.1375   1.6204123   0.65197038   -32.161031   11.25     1.875
  1.1625   1.6366435   0.64652044   -32.120317    11.5    1.8329
  1.1875   1.6527381   0.64103978   -32.0792   11.75    1.7899
  1.2125   1.6686952   0.63552927   -32.037682      12     1.746
  1.2375   1.6845143   0.62998979   -31.995766   12.25    1.7012
  1.2625   1.7001945   0.62442222   -31.953457    12.5    1.6557
  1.2875   1.7157352   0.61882743   -31.910758   12.75    1.6094
  1.3125   1.7311357   0.61320631   -31.867672      13    1.5623
  1.3375   1.7463953   0.60755975   -31.824202   13.25    1.5144
  1.3625   1.7615134   0.60188864   -31.780353    13.5    1.4658
  1.3875   1.7764895   0.59619389   -31.736128   13.75    1.4166
  1.4125   1.7913229   0.59047639   -31.69153      14    1.3666
  1.4375   1.8060132   0.58473705   -31.646563   14.25     1.316
  1.4625   1.8205596   0.57897678   -31.60123    14.5    1.2647
  1.4875   1.8349618   0.57319649   -31.555536   14.75    1.2128
  1.5125   1.8492193   0.56739708   -31.509483
  1.5375   1.8633315   0.56157948   -31.463076
  1.5625   1.8772981   0.55574461   -31.416318
  1.5875   1.8911186   0.54989338   -31.369212
  1.6125   1.9047927   0.54402671   -31.321763
  1.6375   1.9183198   0.53814554   -31.273974
  1.6625   1.9316998   0.53225078   -31.225849
  1.6875   1.9449323   0.52634336   -31.17739
  1.7125   1.9580169   0.52042421   -31.128603
  1.7375   1.9709534   0.51449425   -31.079491
  1.7625   1.9837415   0.50855441   -31.030057
  1.7875   1.996381   0.50260562   -30.980305
  1.8125   2.0088717   0.49664881   -30.930239
  1.8375   2.0212134   0.4906849   -30.879863
  1.8625   2.0334059   0.48471483   -30.829179
  1.8875   2.0454491   0.47873951   -30.778193
  1.9125   2.0573429   0.47275988   -30.726908
  1.9375   2.0690871   0.46677685   -30.675328
  1.9625   2.0806817   0.46079135   -30.623455
  1.9875   2.0921266   0.45480431   -30.571295
  2.0125   2.1034219   0.44881663   -30.51885
  2.0375   2.1145675   0.44282925   -30.466125
  2.0625   2.1255634   0.43684306   -30.413123
  2.0875   2.1364096   0.43085899   -30.359848
  2.1125   2.1471063   0.42487794   -30.306304
  2.1375   2.1576536   0.41890082   -30.252494
  2.1625   2.1680514   0.41292853   -30.198422
  2.1875     2.1783   0.40696197   -30.144093
  2.2125   2.1883996   0.40100204   -30.089509
  2.2375   2.1983502   0.39504963   -30.034674
  2.2625   2.2081521   0.38910562   -29.979592
  2.2875   2.2178056   0.38317091   -29.924267
  2.3125   2.2273108   0.37724636   -29.868703
  2.3375   2.236668   0.37133286   -29.812903
  2.3625   2.2458775   0.36543127   -29.756871
  2.3875   2.2549396   0.35954245   -29.700611
  2.4125   2.2638547   0.35366726   -29.644125
  2.4375   2.2726231   0.34780656   -29.587419
  2.4625   2.2812452   0.34196118   -29.530495
  2.4875   2.2897213   0.33613198   -29.473358
  2.5125   2.2980519   0.33031979   -29.41601
  2.5375   2.3062375   0.32452542   -29.358457
  2.5625   2.3142784   0.31874971   -29.3007
  2.5875   2.3221751   0.31299347   -29.242744
  2.6125   2.3299282   0.3072575   -29.184592
  2.6375   2.3375382   0.3015426   -29.126249
  2.6625   2.3450055   0.29584956   -29.067717
  2.6875   2.3523308   0.29017918    -29.009
  2.7125   2.3595147   0.28453221   -28.950101
  2.7375   2.3665576   0.27890944   -28.891025
  2.7625   2.3734603   0.27331162   -28.831774
  2.7875   2.3802234   0.2677395   -28.772353
  2.8125   2.3868475   0.26219383   -28.712764
  2.8375   2.3933334   0.25667534   -28.653012
  2.8625   2.3996815   0.25118474   -28.593099
  2.8875   2.4058928   0.24572277   -28.533029
  2.9125   2.4119679   0.24029012   -28.472805
  2.9375   2.4179076   0.23488749   -28.412432
  2.9625   2.4237126   0.22951557   -28.351911
  2.9875   2.4293836   0.22417503   -28.291247
  3.0125   2.4349216   0.21886654   -28.230443
  3.0375   2.4403272   0.21359076   -28.169502
  3.0625   2.4456014   0.20834833   -28.108428
  3.0875   2.4507449   0.20313989   -28.047223
  3.1125   2.4557587   0.19796607   -27.985892
  3.1375   2.4606435   0.19282747   -27.924436
  3.1625   2.4654003   0.18772471   -27.862861
  3.1875   2.4700301   0.18265837   -27.801167
  3.2125   2.4745336   0.17762904   -27.73936
  3.2375   2.4789118   0.17263728   -27.677442
  3.2625   2.4831658   0.16768366   -27.615416
  3.2875   2.4872963   0.16276872   -27.553285
  3.3125   2.4913045   0.157893   -27.491052
  3.3375   2.4951913   0.15305701   -27.42872
  3.3625   2.4989577   0.14826128   -27.366293
  3.3875   2.5026047   0.1435063   -27.303773
  3.4125   2.5061334   0.13879256   -27.241164
  3.4375   2.5095447   0.13412054   -27.178468
  3.4625   2.5128397   0.12949069   -27.115688
  3.4875   2.5160196   0.12490347   -27.052827
  3.5125   2.5190853   0.12035931   -26.989888
  3.5375   2.5220379   0.11585865   -26.926873
  3.5625   2.5248786   0.1114019   -26.863787
  3.5875   2.5276084   0.10698944   -26.80063
  3.6125   2.5302284   0.10262169   -26.737407
  3.6375   2.5327398   0.098298995   -26.67412
  3.6625   2.5351437   0.094021733   -26.610771
  3.6875   2.5374413   0.089790249   -26.547364
  3.7125   2.5396336   0.08560488   -26.4839
  3.7375   2.5417219   0.081465947   -26.420383
  3.7625   2.5437073   0.077373761   -26.356815
  3.7875   2.545591   0.073328618   -26.293198
  3.8125   2.5473742   0.069330801   -26.229536
  3.8375   2.5490579   0.065380581   -26.16583
  3.8625   2.5506436   0.061478213   -26.102084
  3.8875   2.5521323   0.057623943   -26.038299
  3.9125   2.5535252   0.053818   -25.974478
  3.9375   2.5548236   0.050060601   -25.910623
  3.9625   2.5560286   0.046351949   -25.846738
  3.9875   2.5571416   0.042692236   -25.782823
  4.0125   2.5581636   0.039081639   -25.718881
  4.0375   2.5590961   0.03552032   -25.654915
  4.0625   2.5599401   0.03200843   -25.590927
  4.0875   2.5606969   0.028546107   -25.526919
  4.1125   2.5613678   0.025133474   -25.462893
  4.1375   2.561954   0.021770642   -25.398851
  4.1625   2.5624567   0.018457708   -25.334796
  4.1875   2.5628773   0.015194755   -25.270729
  4.2125   2.5632169   0.011981856   -25.206653
  4.2375   2.5634768   0.0088190665   -25.142569
  4.2625   2.5636583   0.0057064323   -25.07848
  4.2875   2.5637625   0.0026439845   -25.014387
  4.3125   2.5637909   -0.00036825845   -24.950292
  4.3375   2.5637445   -0.0033302912   -24.886198
  4.3625   2.5636248   -0.0062421212   -24.822106
  4.3875   2.5634329   -0.0091037688   -24.758017
  4.4125    2.56317   -0.011915267   -24.693935
  4.4375   2.5628375   -0.014676662   -24.629859
  4.4625   2.5624366   -0.017388013   -24.565793
  4.4875   2.5619685   -0.02004939   -24.501738
  4.5125   2.5614345   -0.022660877   -24.437695
  4.5375   2.5608359   -0.025222571   -24.373667
  4.5625   2.5601738   -0.027734579   -24.309654
  4.5875   2.5594496   -0.030197023   -24.245659
  4.6125   2.5586644   -0.032610035   -24.181682
  4.6375   2.5578195   -0.034973761   -24.117726
  4.6625   2.5569161   -0.037288358   -24.053792
  4.6875   2.5559555   -0.039553993   -23.989881
  4.7125   2.5549388   -0.041770848   -23.925994
  4.7375   2.5538673   -0.043939116   -23.862134
  4.7625   2.5527423   -0.046058999   -23.798301
  4.7875   2.5515648   -0.048130713   -23.734498
  4.8125   2.5503361   -0.050154484   -23.670724
  4.8375   2.5490575   -0.05213055   -23.606981
  4.8625    2.54773   -0.05405916   -23.543271
  4.8875   2.5463549   -0.055940573   -23.479595
  4.9125   2.5449334   -0.05777506   -23.415954
  4.9375   2.5434665   -0.059562901   -23.352349
  4.9625   2.5419556   -0.061304388   -23.288781
  4.9875   2.5404017   -0.062999823   -23.225251
  5.0125   2.538806   -0.064649518   -23.161761
  5.0375   2.5371696   -0.066253796   -23.098311
  5.0625   2.5354937   -0.067812987   -23.034903
  5.0875   2.5337793   -0.069327434   -22.971537
  5.1125   2.5320277   -0.070797488   -22.908214
  5.1375   2.5302398   -0.072223511   -22.844936
  5.1625   2.5284169   -0.073605871   -22.781703
  5.1875   2.5265599   -0.07494495   -22.718515
  5.2125    2.52467   -0.076241134   -22.655375
  5.2375   2.5227482   -0.077494821   -22.592282
  5.2625   2.5207956   -0.078706416   -22.529238
  5.2875   2.5188132   -0.079876334   -22.466243
  5.3125   2.5168021   -0.081004996   -22.403297
  5.3375   2.5147633   -0.082092834   -22.340403
  5.3625   2.5126978   -0.083140286   -22.277559
  5.3875   2.5106066   -0.084147797   -22.214768
  5.4125   2.5084907   -0.085115821   -22.152029
  5.4375   2.5063512   -0.08604482   -22.089344
  5.4625   2.5041888   -0.086935261   -22.026712
  5.4875   2.5020047   -0.08778762   -21.964134
  5.5125   2.4997998   -0.088602379   -21.901612
  5.5375   2.4975749   -0.089380027   -21.839145
  5.5625   2.4953311   -0.090121057   -21.776733
  5.5875   2.4930691   -0.090825973   -21.714378
  5.6125   2.4907901   -0.091495281   -21.65208
  5.6375   2.4884947   -0.092129494   -21.589839
  5.6625   2.4861839   -0.092729132   -21.527655
  5.6875   2.4838585   -0.093294718   -21.46553
  5.7125   2.4815194   -0.093826783   -21.403463
  5.7375   2.4791674   -0.09432586   -21.341454
  5.7625   2.4768034   -0.09479249   -21.279504
  5.7875   2.4744281   -0.095227217   -21.217614
  5.8125   2.4720423   -0.095630589   -21.155783
  5.8375   2.4696468   -0.09600316   -21.094012
  5.8625   2.4672424   -0.096345485   -21.032301
  5.8875   2.4648298   -0.096658128   -20.97065
  5.9125   2.4624097   -0.09694165   -20.909059
  5.9375   2.4599829   -0.097196622   -20.847529
  5.9625   2.4575501   -0.097423614   -20.78606
  5.9875   2.455112   -0.0976232   -20.724652
  6.0125   2.4526692   -0.097795959   -20.663305
  6.0375   2.4502224   -0.097942468   -20.602018
  6.0625   2.4477723   -0.098063312   -20.540793
  6.0875   2.4453194   -0.098159074   -20.47963
  6.1125   2.4428645   -0.098230341   -20.418528
  6.1375   2.4404081   -0.098277702   -20.357487
  6.1625   2.4379508   -0.098301747   -20.296507
  6.1875   2.4354932   -0.098303068   -20.235589
  6.2125   2.4330359   -0.098282256   -20.174732
  6.2375   2.4305793   -0.098239907   -20.113937
  6.2625   2.428124   -0.098176615   -20.053203
  6.2875   2.4256706   -0.098092976   -19.992531
  6.3125   2.4232196   -0.097989585   -19.93192
  6.3375   2.4207713   -0.097867039   -19.87137
  6.3625   2.4183264   -0.097725935   -19.810881
  6.3875   2.4158852   -0.097566867   -19.750454
  6.4125   2.4134482   -0.097390433   -19.690087
  6.4375   2.4110158   -0.097197227   -19.629781
  6.4625   2.4085884   -0.096987845   -19.569536
  6.4875   2.4061665   -0.09676288   -19.509352
  6.5125   2.4037504   -0.096522925   -19.449228
  6.5375   2.4013405   -0.096268573   -19.389164
  6.5625   2.3989371   -0.096000412   -19.329161
  6.5875   2.3965406   -0.095719031   -19.269217
  6.6125   2.3941513   -0.095425018   -19.209334
  6.6375   2.3917694   -0.095118957   -19.14951
  6.6625   2.3893954   -0.094801431   -19.089745
  6.6875   2.3870295   -0.094473021   -19.03004
  6.7125   2.3846718   -0.094134304   -18.970394
  6.7375   2.3823228   -0.093785855   -18.910806
  6.7625   2.3799826   -0.093428248   -18.851277
  6.7875   2.3776515   -0.093062051   -18.791807
  6.8125   2.3753296   -0.092687831   -18.732395
  6.8375   2.3730172   -0.092306151   -18.67304
  6.8625   2.3707143   -0.091917571   -18.613744
  6.8875   2.3684213   -0.091522646   -18.554505
  6.9125   2.3661383   -0.091121929   -18.495323
  6.9375   2.3638653   -0.090715968   -18.436198
  6.9625   2.3616025   -0.090305307   -18.377129
  6.9875    2.35935   -0.089890486   -18.318117
  7.0125   2.357108   -0.089472041   -18.259162
  7.0375   2.3548765   -0.089050502   -18.200262
  7.0625   2.3526555   -0.088626396   -18.141418
  7.0875   2.3504452   -0.088200244   -18.082629
  7.1125   2.3482455   -0.087772564   -18.023895
  7.1375   2.3460565   -0.087343866   -17.965217
  7.1625   2.3438783   -0.086914656   -17.906593
  7.1875   2.3417108   -0.086485437   -17.848023
  7.2125   2.339554   -0.086056703   -17.789507
  7.2375   2.337408   -0.085628944   -17.731045
  7.2625   2.3352726   -0.085202644   -17.672636
  7.2875   2.3331478   -0.084778283   -17.614281
  7.3125   2.3310336   -0.084356332   -17.555979
  7.3375    2.32893   -0.083937258   -17.497729
  7.3625   2.3268368   -0.083521521   -17.439532
  7.3875   2.3247539   -0.083109576   -17.381387
  7.4125   2.3226812   -0.082701869   -17.323295
  7.4375   2.3206187   -0.082298843   -17.265253
  7.4625   2.3185663   -0.081900932   -17.207264
  7.4875   2.3165236   -0.081508564   -17.149325
  7.5125   2.3144908   -0.08112216   -17.091437
  7.5375   2.3124675   -0.080742135   -17.0336
  7.5625   2.3104536   -0.080368896   -16.975814
  7.5875   2.308449   -0.080002844   -16.918078
  7.6125   2.3064534   -0.079644373   -16.860391
  7.6375   2.3044667   -0.079293868   -16.802755
  7.6625   2.3024886   -0.07895171   -16.745168
  7.6875   2.300519   -0.078618269   -16.68763
  7.7125   2.2985577   -0.078293911   -16.630142
  7.7375   2.2966043   -0.077978993   -16.572702
  7.7625   2.2946586   -0.077673863   -16.515312
  7.7875   2.2927205   -0.077378865   -16.457969
  7.8125   2.2907896   -0.077094332   -16.400676
  7.8375   2.2888657   -0.076820592   -16.34343
  7.8625   2.2869485   -0.076557964   -16.286232
  7.8875   2.2850377   -0.076306758   -16.229082
  7.9125   2.283133   -0.07606728   -16.17198
  7.9375   2.2812342   -0.075839825   -16.114926
  7.9625   2.2793409   -0.07562468   -16.057918
  7.9875   2.2774529   -0.075422126   -16.000959
  8.0125   2.2755697   -0.075232435   -15.944046
  8.0375   2.2736912   -0.075055872   -15.88718
  8.0625   2.2718168   -0.074892692   -15.830361
  8.0875   2.2699464   -0.074743144   -15.773589
  8.1125   2.2680796   -0.074607469   -15.716864
  8.1375   2.2662159   -0.074485899   -15.660185
  8.1625   2.2643551   -0.074378657   -15.603553
  8.1875   2.2624969   -0.074285961   -15.546967
  8.2125   2.2606407   -0.074208019   -15.490428
  8.2375   2.2587863   -0.07414503   -15.433935
  8.2625   2.2569333   -0.074097187   -15.377489
  8.2875   2.2550813   -0.074064674   -15.321089
  8.3125    2.25323   -0.074047667   -15.264735
  8.3375   2.2513788   -0.074046334   -15.208427
  8.3625   2.2495275   -0.074060835   -15.152166
  8.3875   2.2476757   -0.074091323   -15.095951
  8.4125   2.2458228   -0.07413794   -15.039782
  8.4375   2.2439686   -0.074200824   -14.98366
  8.4625   2.2421126   -0.074280101   -14.927584
  8.4875   2.2402545   -0.074375893   -14.871554
  8.5125   2.2383937   -0.074488312   -14.815571
  8.5375   2.2365299   -0.074617462   -14.759634
  8.5625   2.2346627   -0.07476344   -14.703744
  8.5875   2.2327916   -0.074926334   -14.647901
  8.6125   2.2309162   -0.075106226   -14.592105
  8.6375   2.2290362   -0.075303188   -14.536356
  8.6625   2.2271509   -0.075517286   -14.480653
  8.6875   2.2252602   -0.075748579   -14.424998
  8.7125   2.2233634   -0.075997116   -14.36939
  8.7375   2.2214602   -0.076262941   -14.31383
  8.7625   2.2195501   -0.076546089   -14.258317
  8.7875   2.2176327   -0.076846587   -14.202852
  8.8125   2.2157076   -0.077164456   -14.147436
  8.8375   2.2137743   -0.07749971   -14.092067
  8.8625   2.2118325   -0.077852353   -14.036747
  8.8875   2.2098816   -0.078222385   -13.981476
  8.9125   2.2079212   -0.078609798   -13.926253
  8.9375   2.2059509   -0.079014575   -13.87108
  8.9625   2.2039703   -0.079436694   -13.815956
  8.9875   2.201979   -0.079876126   -13.760881
  9.0125   2.1999764   -0.080332835   -13.705857
  9.0375   2.1979622   -0.080806776   -13.650882
  9.0625   2.1959359   -0.0812979   -13.595959
  9.0875   2.1938971   -0.081806151   -13.541086
  9.1125   2.1918455   -0.082331464   -13.486264
  9.1375   2.1897804   -0.082873772   -13.431494
  9.1625   2.1877016   -0.083432997   -13.376775
  9.1875   2.1856086   -0.084009058   -13.322109
  9.2125   2.183501   -0.084601865   -13.267495
  9.2375   2.1813784   -0.085211323   -13.212934
  9.2625   2.1792403   -0.085837333   -13.158426
  9.2875   2.1770864   -0.086479787   -13.103972
  9.3125   2.1749162   -0.087138571   -13.049572
  9.3375   2.1727293   -0.087813569   -12.995226
  9.3625   2.1705254   -0.088504655   -12.940935
  9.3875   2.168304   -0.089211699   -12.8867
  9.4125   2.1660647   -0.089934566   -12.83252
  9.4375   2.1638071   -0.090673116   -12.778397
  9.4625   2.1615309   -0.091427201   -12.72433
  9.4875   2.1592356   -0.092196671   -12.670321
  9.5125   2.1569209   -0.092981368   -12.616369
  9.5375   2.1545864   -0.093781132   -12.562475
  9.5625   2.1522317   -0.094595796   -12.508639
  9.5875   2.1498565   -0.095425188   -12.454863
  9.6125   2.1474604   -0.096269132   -12.401147
  9.6375   2.1450429   -0.097127447   -12.34749
  9.6625   2.1426039   -0.097999949   -12.293895
  9.6875   2.1401428   -0.098886447   -12.24036
  9.7125   2.1376594   -0.099786747   -12.186888
  9.7375   2.1351534   -0.10070065   -12.133478
  9.7625   2.1326243   -0.10162796   -12.08013
  9.7875   2.1300719   -0.10256846   -12.026847
  9.8125   2.1274958   -0.10352194   -11.973627
  9.8375   2.1248957   -0.1044882   -11.920472
  9.8625   2.1222712   -0.105467   -11.867382
  9.8875   2.1196222   -0.10645814   -11.814359
  9.9125   2.1169482   -0.10746139   -11.761401
  9.9375   2.114249   -0.10847651   -11.708511
  9.9625   2.1115243   -0.10950329   -11.655689
  9.9875   2.1087738   -0.11054147   -11.602935
 10.0125   2.1059971   -0.11159083   -11.550251
 10.0375   2.1031941   -0.11265112   -11.497636
 10.0625   2.1003645   -0.1137221   -11.445091
 10.0875   2.097508   -0.11480352   -11.392618
 10.1125   2.0946242   -0.11589514   -11.340216
 10.1375   2.0917131   -0.1169967   -11.287887
 10.1625   2.0887743   -0.11810796   -11.235631
 10.1875   2.0858076   -0.11922864   -11.183448
 10.2125   2.0828128   -0.1203585   -11.131341
 10.2375   2.0797896   -0.12149728   -11.079308
 10.2625   2.0767379   -0.12264471   -11.027351
 10.2875   2.0736573   -0.12380053   -10.975471
 10.3125   2.0705478   -0.12496447   -10.923669
 10.3375   2.067409   -0.12613626   -10.871944
 10.3625   2.0642409   -0.12731564   -10.820298
 10.3875   2.0610432   -0.12850234   -10.768732
 10.4125   2.0578157   -0.12969607   -10.717247
 10.4375   2.0545583   -0.13089658   -10.665842
 10.4625   2.0512709   -0.13210359   -10.614519
 10.4875   2.0479531   -0.13331681   -10.563279
 10.5125   2.044605   -0.13453598   -10.512121
 10.5375   2.0412263   -0.13576081   -10.461049
 10.5625   2.0378169   -0.13699103   -10.41006
 10.5875   2.0343767   -0.13822636   -10.359158
 10.6125   2.0309055   -0.13946652   -10.308342
 10.6375   2.0274033   -0.14071123   -10.257613
 10.6625   2.0238699   -0.14196021   -10.206972
 10.6875   2.0203053   -0.14321319   -10.15642
 10.7125   2.0167092   -0.14446987   -10.105957
 10.7375   2.0130817   -0.14572999   -10.055585
 10.7625   2.0094227   -0.14699326   -10.005303
 10.7875   2.0057321   -0.1482594   -9.9551136
 10.8125   2.0020097   -0.14952814   -9.9050168
 10.8375   1.9982556   -0.15079921   -9.8550134
 10.8625   1.9944697   -0.15207233   -9.8051043
 10.8875   1.990652   -0.15334723   -9.7552902
 10.9125   1.9868024   -0.15462366   -9.7055719
 10.9375   1.9829208   -0.15590137   -9.6559503
 10.9625   1.9790073   -0.15718013   -9.6064262
 10.9875   1.9750618   -0.15845971   -9.5570002
 11.0125   1.9710843   -0.15973992   -9.5076733
 11.0375   1.9670748   -0.16102063   -9.4584463
 11.0625   1.9630333   -0.16230172   -9.4093199
 11.0875   1.9589597   -0.16358318   -9.3602949
 11.1125   1.9548541   -0.16486507   -9.3113722
 11.1375   1.9507164   -0.16614761   -9.2625525
 11.1625   1.9465467   -0.16743115   -9.2138366
 11.1875   1.9423449   -0.16871632   -9.1652254
 11.2125   1.9381109   -0.170004   -9.1167196
 11.2375   1.9338446   -0.17129549   -9.0683201
 11.2625   1.9295461   -0.17259254   -9.0200277
 11.2875   1.9252149   -0.17389752   -8.9718431
 11.3125   1.9208511   -0.17521357   -8.9237672
 11.3375   1.9164541   -0.17654472   -8.8758008
 11.3625   1.9120237   -0.17789612   -8.8279448
 11.3875   1.9075591   -0.17927423   -8.7801999
 11.4125   1.9030597   -0.18068702   -8.7325671
 11.4375   1.8985244   -0.18214422   -8.6850472
 11.4625   1.893952   -0.18365748   -8.6376412
 11.4875   1.8893409   -0.18524059   -8.5903499
 11.5125   1.8846893   -0.18690958   -8.5431745
 11.5375   1.8799946   -0.18868274   -8.4961158
 11.5625   1.8752541   -0.19058062   -8.4491751
 11.5875   1.8704643   -0.19262573   -8.4023535
 11.6125   1.8656214   -0.19484218   -8.3556524
 11.6375   1.8607206   -0.19725508   -8.309073
 11.6625   1.8557568   -0.19988961   -8.2626168
 11.6875   1.8507241   -0.20276985   -8.2162857
 11.7125   1.845616   -0.20591738   -8.1700813
 11.7375   1.8404258   -0.20934943   -8.1240056
 11.7625   1.8351461   -0.2130769   -8.0780607
 11.7875   1.8297695   -0.21710202   -8.0322491
 11.8125   1.8242886   -0.22141599   -7.9865731
 11.8375   1.8186965   -0.22599642   -7.9410356
 11.8625   1.8129869   -0.23080499   -7.8956393
 11.8875   1.8071548   -0.23578531   -7.8503872
 11.9125   1.8011968   -0.24086123   -7.8052826
 11.9375   1.7951117   -0.24593583   -7.7603285
 11.9625   1.788901   -0.25089125   -7.7155281
 11.9875   1.7825693   -0.25558963   -7.6708844
 12.0125   1.776125   -0.25987526   -7.6264005
 12.0375   1.7695804   -0.26357809   -7.582079
 12.0625   1.7629524   -0.26651864   -7.5379222
 12.0875   1.7562623   -0.26851431   -7.4939319
 12.1125   1.749536   -0.2693869   -7.4501094
 12.1375   1.7428037   -0.26897118   -7.4064552
 12.1625   1.7360994   -0.26712414   -7.362969
 12.1875   1.7294604   -0.26373442   -7.3196497
 12.2125   1.7229262   -0.25873152   -7.2764951
 12.2375   1.7165374   -0.25209416   -7.2335021
 12.2625   1.7103348   -0.24385714   -7.1906667
 12.2875   1.7043571   -0.23411626   -7.1479835
 12.3125   1.6986402   -0.22303063   -7.1054466
 12.3375   1.693215   -0.21082217   -7.0630491
 12.3625   1.6881061   -0.19777178   -7.0207832
 12.3875   1.6833306   -0.1842124   -6.978641
 12.4125   1.6788966   -0.17051877   -6.9366139
 12.4375   1.6748025   -0.15709457   -6.8946933
 12.4625   1.6710362   -0.14435711   -6.852871
 12.4875   1.6675754   -0.13272058   -6.811139
 12.5125   1.6643877   -0.1225786   -6.7694899
 12.5375   1.6614311   -0.11428691   -6.7279176
 12.5625   1.6586554   -0.10814735   -6.6864169
 12.5875   1.6560038   -0.10439396   -6.6449838
 12.6125   1.6534145   -0.10318199   -6.6036162
 12.6375   1.6508229   -0.10458056   -6.5623131
 12.6625   1.6481639   -0.10856937   -6.5210756
 12.6875   1.6453737   -0.11503966   -6.479906
 12.7125   1.6423928   -0.12379934   -6.4388085
 12.7375   1.6391669   -0.1345821   -6.3977884
 12.7625   1.6356495   -0.14705975   -6.3568526
 12.7875   1.6318029   -0.16085721   -6.3160087
 12.8125   1.627599   -0.17556923   -6.2752654
 12.8375   1.6230203   -0.19077786   -6.2346319
 12.8625   1.6180595   -0.20606971   -6.1941176
 12.8875   1.6127194   -0.22105218   -6.1537321
 12.9125   1.6070124   -0.23536768   -6.1134847
 12.9375   1.6009592   -0.24870544   -6.0733843
 12.9625   1.5945874   -0.26081023   -6.0334394
 12.9875   1.5879306   -0.27148793   -5.9936573
 13.0125   1.5810261   -0.28060785   -5.9540449
 13.0375   1.5739138   -0.28810191   -5.9146078
 13.0625   1.5666346   -0.29396108   -5.8753506
 13.0875   1.559229   -0.29822955   -5.8362771
 13.1125   1.5517356   -0.30099712   -5.7973899
 13.1375   1.5441906   -0.30239036   -5.7586907
 13.1625   1.5366263   -0.30256323   -5.7201805
 13.1875   1.5290712   -0.30168773   -5.6818594
 13.2125   1.5215491   -0.29994481   -5.6437267
 13.2375   1.5140796   -0.29751635   -5.6057815
 13.2625   1.5066776   -0.29457806   -5.5680221
 13.2875   1.4993536   -0.29129385   -5.5304469
 13.3125   1.4921145   -0.28781156   -5.4930538
 13.3375   1.4849636   -0.28425999   -5.4558405
 13.3625   1.4779012   -0.28074743   -5.4188048
 13.3875   1.4709252   -0.27736116   -5.3819447
 13.4125   1.4640315   -0.27416806   -5.3452579
 13.4375   1.4572148   -0.27121594   -5.3087425
 13.4625   1.4504684   -0.26853544   -5.2723966
 13.4875   1.4437856   -0.26614233   -5.2362185
 13.5125   1.4371589   -0.26403992   -5.2002068
 13.5375   1.4305812   -0.26222159   -5.1643602
 13.5625   1.4240456   -0.26067309   -5.1286774
 13.5875   1.4175455   -0.25937481   -5.0931576
 13.6125   1.4110749   -0.25830362   -5.0577999
 13.6375   1.4046286   -0.25743457   -5.0226036
 13.6625   1.3982017   -0.25674219   -4.9875683
 13.6875   1.3917902   -0.25620151   -4.9526934
 13.7125   1.3853906   -0.25578887   -4.9179787
 13.7375   1.3789999   -0.2554824   -4.8834238
 13.7625   1.3726158   -0.25526235   -4.8490286
 13.7875   1.3662362   -0.25511122   -4.814793
 13.8125   1.3598598   -0.2550138   -4.7807168
 13.8375   1.3534852   -0.25495709    -4.7468
 13.8625   1.3471116   -0.25493009   -4.7130425
 13.8875   1.3407385   -0.25492371   -4.6794444
 13.9125   1.3343654   -0.25493046   -4.6460056
 13.9375   1.3279919   -0.2549443   -4.6127261
 13.9625   1.3216181   -0.2549604   -4.579606
 13.9875   1.3152439   -0.25497495   -4.5466452
 14.0125   1.3088694   -0.25498497   -4.5138438
 14.0375   1.3024947   -0.25498817   -4.4812018
 14.0625   1.2961201   -0.25498282   -4.4487191
 14.0875   1.2897457   -0.25496761   -4.4163958
 14.1125   1.2833718   -0.25494159   -4.3842318
 14.1375   1.2769987   -0.25490404   -4.3522272
 14.1625   1.2706267   -0.25485449   -4.3203819
 14.1875   1.2642561   -0.25479258   -4.2886958
 14.2125   1.2578872   -0.25471809   -4.257169
 14.2375   1.2515203   -0.25463088   -4.2258014
 14.2625   1.2451557   -0.25453087   -4.194593
 14.2875   1.2387938   -0.25441803   -4.1635436
 14.3125   1.2324349   -0.25429237   -4.1326533
 14.3375   1.2260793   -0.2541539   -4.1019219
 14.3625   1.2197273   -0.25400268   -4.0713493
 14.3875   1.2133793   -0.25383875   -4.0409355
 14.4125   1.2070355   -0.2536622   -4.0106803
 14.4375   1.2006963   -0.25347309   -3.9805837
 14.4625   1.194362   -0.25327149   -3.9506454
 14.4875   1.1880328   -0.2530575   -3.9208655
 14.5125   1.1817092   -0.2528312   -3.8912437
 14.5375   1.1753914   -0.25259267   -3.86178
 14.5625   1.1690796   -0.25234201   -3.8324741
 14.5875   1.1627744   -0.25207931   -3.803326
 14.6125   1.1564758   -0.25180466   -3.7743354
 14.6375   1.1501842   -0.25151815   -3.7455021
 14.6625     1.1439   -0.25121988   -3.7168261
 14.6875   1.1376233   -0.25090995   -3.6883071
 14.7125   1.1313546   -0.25058846   -3.6599449
 14.7375   1.125094   -0.2502555   -3.6317393
 14.7625   1.1188419   -0.24991118   -3.6036901
 14.7875   1.1125985   -0.2495556   -3.5757971
 14.8125   1.1063642   -0.24918886   -3.5480601
 14.8375   1.1001392   -0.24881106   -3.5204788
 14.8625   1.0939237   -0.24842231   -3.493053
 14.8875   1.0877182   -0.24802271   -3.4657825
 14.9125   1.0815227   -0.24761238   -3.438667
 14.9375   1.0753376   -0.24719141   -3.4117063
 14.9625   1.0691632   -0.24675991   -3.3849001
 14.9875   1.0629997   -0.24631799   -3.3582481
