0.1	1.06487   	0.132436   	3.94215   	0.252436     	26.2245
0.2	1.12974   	0.264872   	6.2449   	0.767117     	19.8306
0.3	1.19462   	0.397308   	7.90826   	1.4801     	13.4366
0.4	1.25949   	0.529744   	8.93223   	2.32746     	7.04267
0.5	1.32436   	0.66218   	9.31679   	3.24523     	0.648721
0.6	1.38923   	0.794616   	9.06197   	4.1695     	-5.74523
0.7	1.4541   	0.927052   	8.16775   	5.03632     	-12.1392
0.8	1.51898   	1.05949   	6.63413   	5.78174     	-18.5331
0.9	1.58385   	1.19192   	4.46113   	6.34183     	-24.9271
1	1.64872   	1.32436   	1.64872   	6.65265     	-31.321
1.1	1.75568   	1.54271   	-1.15947   	6.67171     	-24.8429
1.2	1.86263   	1.76106   	-3.31986   	6.44235     	-18.3648
1.3	1.96959   	1.97941   	-4.83243   	6.02934     	-11.8867
1.4	2.07655   	2.19776   	-5.69719   	5.49746     	-5.40855
1.5	2.1835   	2.41611   	-5.91414   	4.91149     	1.06956
1.6	2.29046   	2.63446   	-5.48328   	4.33622     	7.54768
1.7	2.39741   	2.85281   	-4.40461   	3.83643     	14.0258
1.8	2.50437   	3.07116   	-2.67812   	3.47689     	20.5039
1.9	2.61133   	3.28951   	-0.303826   	3.3224     	26.982
2	2.71828   	3.50786   	2.71828   	3.43772     	33.4601
2.1	2.89462   	3.86786   	5.74733   	3.86629     	27.1208
2.2	3.07096   	4.22786   	8.14244   	4.56606     	20.7814
2.3	3.2473   	4.58786   	9.90362   	5.47364     	14.4421
2.4	3.42364   	4.94786   	11.0309   	6.52565     	8.10275
2.5	3.59999   	5.30785   	11.5242   	7.65868     	1.76341
2.6	3.77633   	5.66785   	11.3835   	8.80935     	-4.57594
2.7	3.95267   	6.02785   	10.609   	9.91426     	-10.9153
2.8	4.12901   	6.38785   	9.20048   	10.91     	-17.2546
2.9	4.30535   	6.74785   	7.15805   	11.7332     	-23.594
3	4.48169   	7.10785   	4.48169   	12.3205     	-29.9333
3.1	4.77243   	7.70138   	1.81676   	12.6299     	-23.3652
3.2	5.06316   	8.29492   	-0.191348   	12.7057     	-16.797
3.3	5.3539   	8.88846   	-1.54265   	12.6136     	-10.2289
3.4	5.64464   	9.482   	-2.23713   	12.4191     	-3.66077
3.5	5.93537   	10.0755   	-2.2748   	12.188     	2.90737
3.6	6.22611   	10.6691   	-1.65566   	11.986     	9.4755
3.7	6.51685   	11.2626   	-0.379699   	11.8788     	16.0436
3.8	6.80758   	11.8561   	1.55307   	11.932     	22.6118
3.9	7.09832   	12.4497   	4.14266   	12.2113     	29.1799
4	7.38906   	13.0432   	7.38906   	12.7824     	35.7481
4.1	7.8684   	14.0218   	10.6543   	13.6897     	29.5571
4.2	8.34774   	15.0004   	13.3005   	14.8926     	23.3662
4.3	8.82709   	15.979   	15.3276   	16.3292     	17.1753
4.4	9.30643   	16.9575   	16.7355   	17.9375     	10.9844
4.5	9.78578   	17.9361   	17.5244   	19.6557     	4.79344
4.6	10.2651   	18.9147   	17.6942   	21.4218     	-1.39749
4.7	10.7445   	19.8933   	17.2449   	23.1739     	-7.58841
4.8	11.2238   	20.8718   	16.1765   	24.8501     	-13.7793
4.9	11.7032   	21.8504   	14.4891   	26.3886     	-19.9703
5	12.1825   	22.829   	12.1825   	27.7273     	-26.1612
5.1	12.9728   	24.4424   	9.90702   	28.8261     	-19.3483
5.2	13.7631   	26.0558   	8.31283   	29.7314     	-12.5355
5.3	14.5534   	27.6692   	7.39992   	30.5114     	-5.72265
5.4	15.3437   	29.2826   	7.1683   	31.2341     	1.0902
5.5	16.134   	30.896   	7.61796   	31.9677     	7.90304
5.6	16.9243   	32.5094   	8.74891   	32.7804     	14.7159
5.7	17.7146   	34.1228   	10.5611   	33.7402     	21.5287
5.8	18.5049   	35.7362   	13.0547   	34.9153     	28.3416
5.9	19.2952   	37.3496   	16.2295   	36.3739     	35.1544
6	20.0855   	38.963   	20.0855   	38.1839     	41.9673
6.1	21.3885   	41.6231   	23.9929   	40.3927     	36.1798
6.2	22.6915   	44.2831   	27.3215   	42.9632     	30.3923
6.3	23.9945   	46.9432   	30.0714   	45.8377     	24.6049
6.4	25.2975   	49.6032   	32.2425   	48.9582     	18.8174
6.5	26.6005   	52.2633   	33.8348   	52.2669     	13.0299
6.6	27.9035   	54.9233   	34.8485   	55.7059     	7.24244
6.7	29.2065   	57.5834   	35.2833   	59.2173     	1.45497
6.8	30.5095   	60.2434   	35.1394   	62.7433     	-4.3325
6.9	31.8125   	62.9035   	34.4168   	66.2259     	-10.12
7	33.1155   	65.5635   	33.1155   	69.6073     	-15.9074
7.1	35.2637   	69.9492   	31.8986   	72.8518     	-8.42941
7.2	37.412   	74.3349   	31.4296   	76.012     	-0.951383
7.3	39.5603   	78.7205   	31.7083   	79.1626     	6.52664
7.4	41.7085   	83.1062   	32.7349   	82.3786     	14.0047
7.5	43.8568   	87.4919   	34.5093   	85.7345     	21.4827
7.6	46.0051   	91.8776   	37.0314   	89.3054     	28.9607
7.7	48.1533   	96.2633   	40.3014   	93.1658     	36.4388
7.8	50.3016   	100.649   	44.3192   	97.3906     	43.9168
7.9	52.4499   	105.035   	49.0848   	102.055     	51.3948
8	54.5982   	109.42   	54.5982   	107.232     	58.8728
8.1	58.14   	116.651   	60.2509   	112.979     	54.1821
8.2	61.6819   	123.882   	65.4346   	119.267     	49.4913
8.3	65.2238   	131.113   	70.1492   	126.05     	44.8005
8.4	68.7657   	138.343   	74.3947   	133.281     	40.1098
8.5	72.3076   	145.574   	78.1711   	140.913     	35.419
8.6	75.8495   	152.805   	81.4785   	148.9     	30.7282
8.7	79.3914   	160.036   	84.3167   	157.193     	26.0374
8.8	82.9333   	167.266   	86.686   	165.747     	21.3467
8.9	86.4752   	174.497   	88.5861   	174.515     	16.6559
9	90.0171   	181.728   	90.0171   	183.449     	11.9651
9.1	95.8567   	193.649   	91.678   	192.526     	21.2513
9.2	101.696   	205.571   	94.2674   	201.816     	30.5375
9.3	107.536   	217.492   	97.7855   	211.411     	39.8237
9.4	113.376   	229.414   	102.232   	221.404     	49.1098
9.5	119.215   	241.336   	107.607   	231.888     	58.396
9.6	125.055   	253.257   	113.911   	242.956     	67.6822
9.7	130.894   	265.179   	121.144   	254.701     	76.9684
9.8	136.734   	277.1   	129.305   	267.216     	86.2546
9.9	142.574   	289.022   	138.395   	280.593     	95.5407
10	148.413   	300.943   	148.413   	294.926     	104.827
10.1	158.041   	320.598   	158.81   	310.288     	103.117
10.2	167.669   	340.254   	169.037   	326.682     	101.408
10.3	177.297   	359.909   	179.092   	344.09     	99.698
10.4	186.925   	379.564   	188.976   	362.495     	97.9884
10.5	196.553   	399.219   	198.69   	381.879     	96.2788
10.6	206.18   	418.875   	208.232   	402.227     	94.5691
10.7	215.808   	438.53   	217.603   	423.52     	92.8595
10.8	225.436   	458.185   	226.804   	445.742     	91.1499
10.9	235.064   	477.84   	235.833   	468.875     	89.4403
11	244.692   	497.496   	244.692   	492.903     	87.7306
11.1	260.566   	529.902   	254.175   	517.834     	101.932
11.2	276.439   	562.308   	265.078   	543.785     	116.133
11.3	292.313   	594.714   	277.402   	570.897     	130.334
11.4	308.187   	627.12   	291.145   	599.313     	144.536
11.5	324.06   	659.526   	306.309   	629.174     	158.737
11.6	339.934   	691.932   	322.893   	660.622     	172.938
11.7	355.808   	724.338   	340.896   	693.8     	187.139
11.8	371.681   	756.744   	360.32   	728.849     	201.341
11.9	387.555   	789.15   	381.165   	765.911     	215.542
12	403.429   	821.556   	403.429   	805.129     	229.743
12.1	429.6   	874.985   	426.723   	846.631     	236.137
12.2	455.771   	928.413   	450.656   	890.495     	242.531
12.3	481.943   	981.842   	475.229   	936.784     	248.925
12.4	508.114   	1035.27   	500.441   	985.562     	255.319
12.5	534.285   	1088.7   	526.293   	1036.89     	261.713
12.6	560.456   	1142.13   	552.784   	1090.84     	268.107
12.7	586.628   	1195.56   	579.914   	1147.47     	274.501
12.8	612.799   	1248.98   	607.684   	1206.85     	280.895
12.9	638.97   	1302.41   	636.093   	1269.03     	287.289
13	665.142   	1355.84   	665.142   	1334.09     	293.683
