
 searching for minimum in rosen
    1 1.90298 1.52423  440.59919
    2 1.70894 1.57269  182.15482
    3 1.32086 1.66962    0.66630
    4 1.29430 1.67625    0.08672
    5 1.29211 1.66750    0.08575
    6 1.29102 1.66777    0.08480
    7 1.29062 1.66672    0.08456
    8 1.28981 1.66462    0.08409
    9 1.28819 1.66043    0.08315
   10 1.28495 1.65205    0.08129
   11 1.27847 1.63529    0.07761
   12 1.26551 1.60176    0.07050
   13 1.23959 1.53470    0.05776
   14 1.18775 1.40059    0.04559
   15 1.19157 1.41046    0.04549
   16 1.18793 1.41187    0.03537
   17 1.18643 1.40827    0.03480
   18 1.18341 1.40108    0.03368
   19 1.17739 1.38670    0.03149
   20 1.16533 1.35794    0.02734
   21 1.14123 1.30042    0.02034
   22 1.09302 1.18537    0.01733
   23 1.10864 1.22266    0.01594
   24 1.10605 1.22375    0.01126
   25 1.10489 1.22118    0.01102
   26 1.10258 1.21605    0.01054
   27 1.09796 1.20579    0.00960
   28 1.08872 1.18527    0.00787
   29 1.07024 1.14422    0.00507
   30 1.03327 1.06214    0.00415
   31 1.04649 1.09148    0.00350
   32 1.04498 1.09216    0.00203
   33 1.04427 1.09067    0.00196
   34 1.04284 1.08768    0.00184
   35 1.04000 1.08171    0.00160
   36 1.03430 1.06977    0.00118
   37 1.02291 1.04588    0.00055
   38 1.00012 0.99810    0.00046
   39 1.00991 1.01862    0.00026
   40 1.00937 1.01887    0.00009
   41 1.00911 1.01834    0.00008
   42 1.00859 1.01729    0.00007
   43 1.00754 1.01517    0.00006
   44 1.00545 1.01094    0.00003
   45 1.00128 1.00248    0.00000
   46 1.00022 1.00034    0.00000
Minimum found at:
   47 1.00018 1.00036    0.00000
first row = step number,  second row = x,  third row = y,  fourth row = rosen(x,y)
number of iterations = 47
