-15 0.278217 -0.0691266
-14.987 0.281404 -0.0550513
-14.974 0.283879 -0.0408367
-14.961 0.285635 -0.0265187
-14.948 0.286669 -0.0121337
-14.935 0.286979 0.00228201
-14.922 0.286565 0.0166919
-14.909 0.285428 0.0310598
-14.896 0.283572 0.0453494
-14.883 0.281003 0.0595249
-14.87 0.277727 0.0735507
-14.857 0.273753 0.0873917
-14.844 0.269092 0.101013
-14.831 0.263756 0.114382
-14.818 0.257759 0.127463
-14.805 0.251117 0.140226
-14.792 0.243846 0.152637
-14.779 0.235966 0.164668
-14.766 0.227497 0.176287
-14.753 0.21846 0.187466
-14.74 0.208879 0.198178
-14.727 0.198777 0.208396
-14.714 0.188181 0.218096
-14.701 0.177117 0.227254
-14.688 0.165613 0.235847
-14.675 0.153698 0.243855
-14.662 0.141402 0.251258
-14.649 0.128756 0.258039
-14.636 0.11579 0.264181
-14.623 0.102539 0.269669
-14.61 0.0890341 0.274492
-14.597 0.0753094 0.278637
-14.584 0.0613991 0.282094
-14.571 0.0473374 0.284857
-14.558 0.0331592 0.286918
-14.545 0.0188994 0.288273
-14.532 0.00459313 0.28892
-14.519 -0.0097244 0.288858
-14.506 -0.0240181 0.288087
-14.493 -0.0382529 0.286609
-14.48 -0.052394 0.28443
-14.467 -0.066407 0.281555
-14.454 -0.0802576 0.277992
-14.441 -0.0939123 0.27375
-14.428 -0.107338 0.26884
-14.415 -0.120502 0.263274
-14.402 -0.133372 0.257068
-14.389 -0.145918 0.250235
-14.376 -0.158109 0.242795
-14.363 -0.169916 0.234764
-14.35 -0.18131 0.226164
-14.337 -0.192265 0.217015
-14.324 -0.202755 0.207341
-14.311 -0.212753 0.197165
-14.298 -0.222237 0.186512
-14.285 -0.231184 0.175409
-14.272 -0.239574 0.163882
-14.259 -0.247385 0.15196
-14.246 -0.254601 0.139672
-14.233 -0.261203 0.127047
-14.22 -0.267178 0.114117
-14.207 -0.27251 0.100913
-14.194 -0.277188 0.087467
-14.181 -0.281202 0.0738108
-14.168 -0.284542 0.0599778
-14.155 -0.2872 0.0460013
-14.142 -0.289172 0.0319146
-14.129 -0.290453 0.0177518
-14.116 -0.29104 0.00354652
-14.103 -0.290933 -0.0106672
-14.09 -0.290133 -0.0248555
-14.077 -0.288642 -0.0389847
-14.064 -0.286465 -0.0530211
-14.051 -0.283607 -0.0669315
-14.038 -0.280075 -0.080683
-14.025 -0.275879 -0.0942432
-14.012 -0.27103 -0.10758
-13.999 -0.265539 -0.120662
-13.986 -0.259419 -0.133459
-13.973 -0.252687 -0.14594
-13.96 -0.245358 -0.158077
-13.947 -0.23745 -0.169841
-13.934 -0.228983 -0.181205
-13.921 -0.219976 -0.192142
-13.908 -0.210452 -0.202627
-13.895 -0.200434 -0.212636
-13.882 -0.189945 -0.222145
-13.869 -0.179011 -0.231134
-13.856 -0.167656 -0.239581
-13.843 -0.15591 -0.247467
-13.83 -0.143799 -0.254775
-13.817 -0.131351 -0.261486
-13.804 -0.118597 -0.267588
-13.791 -0.105567 -0.273065
-13.778 -0.0922903 -0.277906
-13.765 -0.0787989 -0.2821
-13.752 -0.0651242 -0.285638
-13.739 -0.0512981 -0.288513
-13.726 -0.037353 -0.290717
-13.713 -0.0233212 -0.292247
-13.7 -0.00923545 -0.2931
-13.687 0.00487174 -0.293275
-13.674 0.0189677 -0.292771
-13.661 0.0330198 -0.291591
-13.648 0.0469957 -0.289738
-13.635 0.0608632 -0.287217
-13.622 0.0745905 -0.284034
-13.609 0.0881461 -0.280197
-13.596 0.101499 -0.275716
-13.583 0.114619 -0.270601
-13.57 0.127476 -0.264866
-13.557 0.14004 -0.258523
-13.544 0.152284 -0.251588
-13.531 0.164179 -0.244077
-13.518 0.175699 -0.236008
-13.505 0.186817 -0.2274
-13.492 0.197509 -0.218273
-13.479 0.207751 -0.208649
-13.466 0.21752 -0.198549
-13.453 0.226794 -0.187998
-13.44 0.235552 -0.177019
-13.427 0.243776 -0.165638
-13.414 0.251446 -0.153882
-13.401 0.258546 -0.141776
-13.388 0.265061 -0.12935
-13.375 0.270977 -0.116631
-13.362 0.27628 -0.103648
-13.349 0.280959 -0.0904318
-13.336 0.285005 -0.0770113
-13.323 0.288408 -0.0634172
-13.31 0.291162 -0.0496803
-13.297 0.293261 -0.0358317
-13.284 0.294701 -0.0219026
-13.271 0.29548 -0.00792427
-13.258 0.295597 0.00607179
-13.245 0.295051 0.0200543
-13.232 0.293844 0.0339919
-13.219 0.291981 0.0478535
-13.206 0.289466 0.0616082
-13.193 0.286305 0.0752254
-13.18 0.282505 0.088675
-13.167 0.278076 0.101927
-13.154 0.273029 0.114952
-13.141 0.267375 0.127722
-13.128 0.261127 0.140208
-13.115 0.2543 0.152384
-13.102 0.246909 0.164221
-13.089 0.238972 0.175695
-13.076 0.230506 0.186781
-13.063 0.221531 0.197453
-13.05 0.212067 0.20769
-13.037 0.202136 0.217469
-13.024 0.191759 0.226769
-13.011 0.18096 0.23557
-12.998 0.169763 0.243853
-12.985 0.158193 0.251601
-12.972 0.146277 0.258796
-12.959 0.134039 0.265424
-12.946 0.121508 0.271471
-12.933 0.108712 0.276924
-12.92 0.0956776 0.281772
-12.907 0.0824345 0.286005
-12.894 0.0690116 0.289614
-12.881 0.0554384 0.292592
-12.868 0.0417445 0.294934
-12.855 0.0279598 0.296634
-12.842 0.0141144 0.297689
-12.829 0.000238382 0.298099
-12.816 -0.0136382 0.297863
-12.803 -0.0274852 0.296981
-12.79 -0.0412728 0.295457
-12.777 -0.0549712 0.293295
-12.764 -0.0685509 0.290499
-12.751 -0.0819828 0.287077
-12.738 -0.095238 0.283036
-12.725 -0.108288 0.278386
-12.712 -0.121106 0.273138
-12.699 -0.133663 0.267303
-12.686 -0.145934 0.260894
-12.673 -0.157891 0.253926
-12.66 -0.169511 0.246415
-12.647 -0.180768 0.238376
-12.634 -0.191639 0.229827
-12.621 -0.2021 0.220789
-12.608 -0.212131 0.211279
-12.595 -0.221709 0.201319
-12.582 -0.230816 0.190931
-12.569 -0.239432 0.180137
-12.556 -0.24754 0.16896
-12.543 -0.255123 0.157425
-12.53 -0.262164 0.145556
-12.517 -0.268651 0.133379
-12.504 -0.27457 0.12092
-12.491 -0.279908 0.108205
-12.478 -0.284656 0.095262
-12.465 -0.288803 0.0821181
-12.452 -0.292342 0.0688013
-12.439 -0.295267 0.0553397
-12.426 -0.29757 0.0417617
-12.413 -0.299249 0.0280961
-12.4 -0.3003 0.0143716
-12.387 -0.300722 0.000616942
-12.374 -0.300514 -0.013139
-12.361 -0.299678 -0.0268675
-12.348 -0.298217 -0.0405399
-12.335 -0.296132 -0.0541277
-12.322 -0.293431 -0.0676027
-12.309 -0.290119 -0.0809369
-12.296 -0.286204 -0.0941028
-12.283 -0.281693 -0.107073
-12.27 -0.276598 -0.119821
-12.257 -0.27093 -0.132321
-12.244 -0.264701 -0.144547
-12.231 -0.257924 -0.156473
-12.218 -0.250613 -0.168077
-12.205 -0.242786 -0.179333
-12.192 -0.234458 -0.19022
-12.179 -0.225647 -0.200714
-12.166 -0.216371 -0.210796
-12.153 -0.206651 -0.220444
-12.14 -0.196506 -0.229639
-12.127 -0.185958 -0.238364
-12.114 -0.175029 -0.2466
-12.101 -0.163742 -0.254331
-12.088 -0.15212 -0.261543
-12.075 -0.140187 -0.26822
-12.062 -0.127968 -0.274349
-12.049 -0.115489 -0.27992
-12.036 -0.102774 -0.284921
-12.023 -0.0898505 -0.289342
-12.01 -0.0767443 -0.293176
-11.997 -0.0634823 -0.296414
-11.984 -0.0500916 -0.299052
-11.971 -0.0365995 -0.301084
-11.958 -0.0230334 -0.302507
-11.945 -0.00942065 -0.303319
-11.932 0.00421107 -0.303518
-11.919 0.0178343 -0.303106
-11.906 0.0314216 -0.302083
-11.893 0.0449457 -0.300453
-11.88 0.0583795 -0.298219
-11.867 0.0716961 -0.295386
-11.854 0.084869 -0.29196
-11.841 0.0978719 -0.28795
-11.828 0.110679 -0.283364
-11.815 0.123265 -0.278212
-11.802 0.135605 -0.272504
-11.789 0.147674 -0.266253
-11.776 0.159449 -0.259471
-11.763 0.170907 -0.252173
-11.75 0.182025 -0.244374
-11.737 0.192782 -0.236089
-11.724 0.203157 -0.227336
-11.711 0.213129 -0.218133
-11.698 0.222679 -0.208499
-11.685 0.231789 -0.198452
-11.672 0.240442 -0.188013
-11.659 0.24862 -0.177204
-11.646 0.256308 -0.166045
-11.633 0.263492 -0.15456
-11.62 0.270159 -0.142771
-11.607 0.276294 -0.130701
-11.594 0.281888 -0.118376
-11.581 0.28693 -0.105818
-11.568 0.29141 -0.0930532
-11.555 0.295321 -0.0801065
-11.542 0.298655 -0.0670034
-11.529 0.301406 -0.0537697
-11.516 0.30357 -0.0404312
-11.503 0.305144 -0.027014
-11.49 0.306124 -0.0135442
-11.477 0.306511 -4.82367e-05
-11.464 0.306302 0.0134479
-11.451 0.305501 0.0269179
-11.438 0.304108 0.0403359
-11.425 0.302128 0.053676
-11.412 0.299564 0.0669124
-11.399 0.296423 0.0800198
-11.386 0.29271 0.092973
-11.373 0.288435 0.105747
-11.36 0.283605 0.118319
-11.347 0.278231 0.130663
-11.334 0.272323 0.142756
-11.321 0.265894 0.154576
-11.308 0.258956 0.166101
-11.295 0.251523 0.177308
-11.282 0.243611 0.188177
-11.269 0.235234 0.198687
-11.256 0.226409 0.208818
-11.243 0.217153 0.218553
-11.23 0.207485 0.227872
-11.217 0.197423 0.236759
-11.204 0.186987 0.245197
-11.191 0.176197 0.253171
-11.178 0.165074 0.260666
-11.165 0.153639 0.267669
-11.152 0.141914 0.274167
-11.139 0.129921 0.280148
-11.126 0.117684 0.285602
-11.113 0.105226 0.290519
-11.1 0.0925704 0.294891
-11.087 0.0797411 0.298709
-11.074 0.0667623 0.301968
-11.061 0.0536586 0.304662
-11.048 0.0404546 0.306786
-11.035 0.0271751 0.308338
-11.022 0.0138449 0.309314
-11.009 0.000488891 0.309715
-10.996 -0.012868 0.309539
-10.983 -0.026201 0.308789
-10.97 -0.0394854 0.307465
-10.957 -0.0526966 0.305571
-10.944 -0.0658102 0.303112
-10.931 -0.0788021 0.300092
-10.918 -0.0916485 0.296518
-10.905 -0.104326 0.292397
-10.892 -0.116811 0.287736
-10.879 -0.129081 0.282547
-10.866 -0.141114 0.276838
-10.853 -0.152888 0.27062
-10.84 -0.164381 0.263907
-10.827 -0.175573 0.25671
-10.814 -0.186444 0.249043
-10.801 -0.196975 0.240921
-10.788 -0.207146 0.23236
-10.775 -0.216939 0.223375
-10.762 -0.226337 0.213983
-10.749 -0.235324 0.204202
-10.736 -0.243883 0.194051
-10.723 -0.252 0.183547
-10.71 -0.25966 0.172711
-10.697 -0.266851 0.161562
-10.684 -0.273559 0.150121
-10.671 -0.279773 0.138409
-10.658 -0.285483 0.126447
-10.645 -0.290678 0.114258
-10.632 -0.295351 0.101863
-10.619 -0.299493 0.0892854
-10.606 -0.303098 0.0765474
-10.593 -0.306159 0.0636722
-10.58 -0.308673 0.050683
-10.567 -0.310634 0.0376032
-10.554 -0.312041 0.0244563
-10.541 -0.312892 0.0112658
-10.528 -0.313185 -0.00194486
-10.515 -0.312921 -0.015152
-10.502 -0.312101 -0.0283323
-10.489 -0.310728 -0.0414622
-10.476 -0.308803 -0.0545187
-10.463 -0.306332 -0.0674787
-10.45 -0.303319 -0.0803194
-10.437 -0.299771 -0.0930183
-10.424 -0.295694 -0.105553
-10.411 -0.291096 -0.117902
-10.398 -0.285986 -0.130044
-10.385 -0.280374 -0.141957
-10.372 -0.27427 -0.15362
-10.359 -0.267684 -0.165015
-10.346 -0.260631 -0.176121
-10.333 -0.253122 -0.186919
-10.32 -0.24517 -0.197391
-10.307 -0.236791 -0.207518
-10.294 -0.228 -0.217284
-10.281 -0.218812 -0.226672
-10.268 -0.209245 -0.235666
-10.255 -0.199314 -0.244252
-10.242 -0.189037 -0.252414
-10.229 -0.178434 -0.260139
-10.216 -0.167522 -0.267415
-10.203 -0.156321 -0.274229
-10.19 -0.14485 -0.28057
-10.177 -0.13313 -0.286428
-10.164 -0.121181 -0.291793
-10.151 -0.109024 -0.296658
-10.138 -0.0966797 -0.301013
-10.125 -0.0841699 -0.304853
-10.112 -0.0715162 -0.308172
-10.099 -0.0587402 -0.310963
-10.086 -0.045864 -0.313225
-10.073 -0.0329096 -0.314952
-10.06 -0.0198992 -0.316143
-10.047 -0.00685495 -0.316797
-10.034 0.00620093 -0.316913
-10.021 0.0192463 -0.316492
-10.008 0.0322591 -0.315534
-9.995 0.0452173 -0.314043
-9.982 0.0580992 -0.312022
-9.969 0.0708831 -0.309475
-9.956 0.0835476 -0.306406
-9.943 0.0960715 -0.302821
-9.93 0.108434 -0.298728
-9.917 0.120615 -0.294134
-9.904 0.132593 -0.289047
-9.891 0.14435 -0.283476
-9.878 0.155865 -0.277431
-9.865 0.16712 -0.270923
-9.852 0.178097 -0.263963
-9.839 0.188777 -0.256565
-9.826 0.199143 -0.248739
-9.813 0.209179 -0.240501
-9.8 0.218867 -0.231863
-9.787 0.228194 -0.222842
-9.774 0.237143 -0.213452
-9.761 0.2457 -0.20371
-9.748 0.253852 -0.193632
-9.735 0.261586 -0.183234
-9.722 0.26889 -0.172536
-9.709 0.275751 -0.161554
-9.696 0.282161 -0.150306
-9.683 0.288108 -0.138813
-9.67 0.293584 -0.127092
-9.657 0.29858 -0.115164
-9.644 0.303089 -0.103048
-9.631 0.307104 -0.0907639
-9.618 0.310619 -0.0783321
-9.605 0.313629 -0.0657729
-9.592 0.31613 -0.053107
-9.579 0.318119 -0.040355
-9.566 0.319593 -0.0275377
-9.553 0.320551 -0.0146759
-9.54 0.320991 -0.00179042
-9.527 0.320913 0.011098
-9.514 0.320319 0.0239685
-9.501 0.31921 0.0368005
-9.488 0.317588 0.0495735
-9.475 0.315457 0.0622669
-9.462 0.312822 0.0748607
-9.449 0.309686 0.0873348
-9.436 0.306055 0.0996694
-9.423 0.301937 0.111845
-9.41 0.297338 0.123843
-9.397 0.292266 0.135644
-9.384 0.286729 0.147229
-9.371 0.280739 0.158581
-9.358 0.274303 0.169682
-9.345 0.267434 0.180514
-9.332 0.260143 0.191061
-9.319 0.252441 0.201308
-9.306 0.244342 0.211237
-9.293 0.235859 0.220834
-9.28 0.227005 0.230084
-9.267 0.217795 0.238973
-9.254 0.208245 0.247489
-9.241 0.198368 0.255617
-9.228 0.188182 0.263346
-9.215 0.177703 0.270664
-9.202 0.166946 0.277561
-9.189 0.15593 0.284027
-9.176 0.144672 0.290051
-9.163 0.13319 0.295626
-9.15 0.121501 0.300742
-9.137 0.109625 0.305394
-9.124 0.0975793 0.309575
-9.111 0.0853831 0.313278
-9.098 0.0730555 0.316499
-9.085 0.0606156 0.319233
-9.072 0.0480826 0.321477
-9.059 0.0354759 0.323228
-9.046 0.0228149 0.324485
-9.033 0.010119 0.325245
-9.02 -0.0025923 0.325509
-9.007 -0.0152997 0.325277
-8.994 -0.0279838 0.32455
-8.981 -0.0406254 0.32333
-8.968 -0.0532053 0.321619
-8.955 -0.0657046 0.31942
-8.942 -0.0781045 0.316739
-8.929 -0.0903864 0.313578
-8.916 -0.102532 0.309945
-8.903 -0.114523 0.305844
-8.89 -0.126342 0.301284
-8.877 -0.137971 0.29627
-8.864 -0.149393 0.290813
-8.851 -0.160591 0.28492
-8.838 -0.171549 0.2786
-8.825 -0.182251 0.271865
-8.812 -0.192681 0.264724
-8.799 -0.202824 0.257189
-8.786 -0.212666 0.249272
-8.773 -0.222192 0.240984
-8.76 -0.231388 0.232339
-8.747 -0.240242 0.223351
-8.734 -0.248741 0.214032
-8.721 -0.256873 0.204397
-8.708 -0.264626 0.194461
-8.695 -0.27199 0.184239
-8.682 -0.278954 0.173746
-8.669 -0.285509 0.162999
-8.656 -0.291646 0.152012
-8.643 -0.297356 0.140803
-8.63 -0.302632 0.129389
-8.617 -0.307467 0.117786
-8.604 -0.311854 0.106011
-8.591 -0.315787 0.0940825
-8.578 -0.319262 0.0820171
-8.565 -0.322274 0.0698329
-8.552 -0.32482 0.0575475
-8.539 -0.326897 0.045179
-8.526 -0.328501 0.0327453
-8.513 -0.329633 0.0202645
-8.5 -0.33029 0.00775444
-8.487 -0.330473 -0.00476673
-8.474 -0.330182 -0.0172811
-8.461 -0.329418 -0.0297707
-8.448 -0.328183 -0.0422177
-8.435 -0.32648 -0.0546045
-8.422 -0.324311 -0.0669134
-8.409 -0.321681 -0.0791272
-8.396 -0.318594 -0.0912285
-8.383 -0.315055 -0.1032
-8.37 -0.311069 -0.115026
-8.357 -0.306643 -0.126689
-8.344 -0.301785 -0.138173
-8.331 -0.296501 -0.149462
-8.318 -0.290799 -0.160541
-8.305 -0.284689 -0.171394
-8.292 -0.278179 -0.182007
-8.279 -0.271279 -0.192365
-8.266 -0.264 -0.202453
-8.253 -0.256352 -0.212259
-8.24 -0.248347 -0.221769
-8.227 -0.239996 -0.23097
-8.214 -0.231311 -0.23985
-8.201 -0.222305 -0.248397
-8.188 -0.212991 -0.2566
-8.175 -0.203383 -0.264447
-8.162 -0.193493 -0.27193
-8.149 -0.183336 -0.279037
-8.136 -0.172927 -0.28576
-8.123 -0.162281 -0.29209
-8.11 -0.151411 -0.29802
-8.097 -0.140334 -0.303541
-8.084 -0.129065 -0.308646
-8.071 -0.11762 -0.31333
-8.058 -0.106014 -0.317587
-8.045 -0.0942643 -0.321411
-8.032 -0.082386 -0.324798
-8.019 -0.070396 -0.327745
-8.006 -0.0583106 -0.330247
-7.993 -0.0461462 -0.332303
-7.98 -0.0339196 -0.333909
-7.967 -0.0216472 -0.335066
-7.954 -0.0093456 -0.335771
-7.941 0.00296852 -0.336025
-7.928 0.0152787 -0.335828
-7.915 0.0275683 -0.335182
-7.902 0.0398211 -0.334087
-7.889 0.0520208 -0.332546
-7.876 0.0641511 -0.330561
-7.863 0.076196 -0.328137
-7.85 0.0881397 -0.325276
-7.837 0.0999665 -0.321984
-7.824 0.111661 -0.318266
-7.811 0.123208 -0.314127
-7.798 0.134592 -0.309573
-7.785 0.145799 -0.304612
-7.772 0.156814 -0.299249
-7.759 0.167623 -0.293494
-7.746 0.178212 -0.287354
-7.733 0.188568 -0.280837
-7.72 0.198678 -0.273954
-7.707 0.208528 -0.266713
-7.694 0.218107 -0.259125
-7.681 0.227402 -0.2512
-7.668 0.236402 -0.242949
-7.655 0.245096 -0.234384
-7.642 0.253473 -0.225515
-7.629 0.261522 -0.216354
-7.616 0.269235 -0.206915
-7.603 0.276601 -0.19721
-7.59 0.283611 -0.187251
-7.577 0.290258 -0.177052
-7.564 0.296533 -0.166627
-7.551 0.302429 -0.155988
-7.538 0.307939 -0.14515
-7.525 0.313057 -0.134128
-7.512 0.317777 -0.122934
-7.499 0.322093 -0.111585
-7.486 0.326002 -0.100095
-7.473 0.329498 -0.0884774
-7.46 0.332577 -0.0767485
-7.447 0.335238 -0.0649228
-7.434 0.337477 -0.0530154
-7.421 0.339291 -0.0410413
-7.408 0.340681 -0.0290158
-7.395 0.341644 -0.016954
-7.382 0.342179 -0.00487102
-7.369 0.342289 0.00721807
-7.356 0.341971 0.0192982
-7.343 0.341229 0.0313543
-7.33 0.340063 0.0433715
-7.317 0.338477 0.055335
-7.304 0.336471 0.0672301
-7.291 0.33405 0.0790422
-7.278 0.331218 0.090757
-7.265 0.327979 0.10236
-7.252 0.324336 0.113838
-7.239 0.320297 0.125175
-7.226 0.315865 0.13636
-7.213 0.311048 0.147379
-7.2 0.305852 0.158217
-7.187 0.300283 0.168864
-7.174 0.29435 0.179305
-7.161 0.28806 0.189529
-7.148 0.281421 0.199523
-7.135 0.274443 0.209276
-7.122 0.267133 0.218777
-7.109 0.259502 0.228015
-7.096 0.25156 0.236979
-7.083 0.243316 0.245659
-7.07 0.23478 0.254045
-7.057 0.225964 0.262127
-7.044 0.216878 0.269897
-7.031 0.207535 0.277345
-7.018 0.197945 0.284464
-7.005 0.18812 0.291245
-6.992 0.178072 0.297682
-6.979 0.167814 0.303767
-6.966 0.157358 0.309494
-6.953 0.146717 0.314856
-6.94 0.135903 0.319849
-6.927 0.12493 0.324466
-6.914 0.113811 0.328704
-6.901 0.102559 0.332557
-6.888 0.0911869 0.336023
-6.875 0.0797089 0.339098
-6.862 0.0681384 0.341779
-6.849 0.0564888 0.344063
-6.836 0.0447738 0.345949
-6.823 0.0330072 0.347436
-6.81 0.0212024 0.348522
-6.797 0.00937327 0.349207
-6.784 -0.00246665 0.34949
-6.771 -0.0143037 0.349374
-6.758 -0.0261245 0.348857
-6.745 -0.0379154 0.347942
-6.732 -0.0496631 0.34663
-6.719 -0.0613543 0.344925
-6.706 -0.0729758 0.342827
-6.693 -0.0845146 0.340341
-6.68 -0.0959579 0.33747
-6.667 -0.107293 0.334218
-6.654 -0.118507 0.33059
-6.641 -0.129588 0.32659
-6.628 -0.140523 0.322223
-6.615 -0.151301 0.317495
-6.602 -0.16191 0.312413
-6.589 -0.172338 0.306982
-6.576 -0.182575 0.301209
-6.563 -0.192608 0.295102
-6.55 -0.202428 0.288667
-6.537 -0.212024 0.281912
-6.524 -0.221386 0.274847
-6.511 -0.230503 0.267478
-6.498 -0.239367 0.259815
-6.485 -0.247968 0.251867
-6.472 -0.256298 0.243642
-6.459 -0.264347 0.235151
-6.446 -0.272107 0.226404
-6.433 -0.279571 0.21741
-6.42 -0.286732 0.208179
-6.407 -0.293581 0.198723
-6.394 -0.300112 0.189052
-6.381 -0.306319 0.179176
-6.368 -0.312196 0.169107
-6.355 -0.317737 0.158856
-6.342 -0.322936 0.148434
-6.329 -0.32779 0.137854
-6.316 -0.332293 0.127126
-6.303 -0.336441 0.116262
-6.29 -0.340231 0.105274
-6.277 -0.343659 0.094175
-6.264 -0.346723 0.0829756
-6.251 -0.34942 0.0716884
-6.238 -0.351748 0.0603255
-6.225 -0.353704 0.048899
-6.212 -0.355289 0.037421
-6.199 -0.356501 0.0259037
-6.186 -0.357339 0.0143594
-6.173 -0.357804 0.00279994
-6.16 -0.357896 -0.0087624
-6.147 -0.357615 -0.0203156
-6.134 -0.356963 -0.0318477
-6.121 -0.35594 -0.0433468
-6.108 -0.354549 -0.0548011
-6.095 -0.352793 -0.0661989
-6.082 -0.350673 -0.0775284
-6.069 -0.348193 -0.0887783
-6.056 -0.345355 -0.0999371
-6.043 -0.342164 -0.110994
-6.03 -0.338624 -0.121937
-6.017 -0.334739 -0.132756
-6.004 -0.330513 -0.14344
-5.991 -0.325952 -0.153978
-5.978 -0.321061 -0.164361
-5.965 -0.315846 -0.174577
-5.952 -0.310312 -0.184618
-5.939 -0.304466 -0.194473
-5.926 -0.298315 -0.204133
-5.913 -0.291865 -0.213588
-5.9 -0.285123 -0.22283
-5.887 -0.278097 -0.231849
-5.874 -0.270794 -0.240638
-5.861 -0.263222 -0.249189
-5.848 -0.25539 -0.257492
-5.835 -0.247306 -0.265541
-5.822 -0.238977 -0.273328
-5.809 -0.230414 -0.280846
-5.796 -0.221624 -0.288089
-5.783 -0.212617 -0.295049
-5.77 -0.203402 -0.301721
-5.757 -0.193989 -0.308099
-5.744 -0.184388 -0.314177
-5.731 -0.174607 -0.31995
-5.718 -0.164657 -0.325414
-5.705 -0.154548 -0.330563
-5.692 -0.144291 -0.335393
-5.679 -0.133894 -0.3399
-5.666 -0.123369 -0.344082
-5.653 -0.112725 -0.347934
-5.64 -0.101974 -0.351453
-5.627 -0.0911263 -0.354638
-5.614 -0.0801914 -0.357485
-5.601 -0.0691805 -0.359993
-5.588 -0.0581041 -0.362161
-5.575 -0.0469729 -0.363986
-5.562 -0.0357974 -0.365469
-5.549 -0.0245882 -0.366608
-5.536 -0.013356 -0.367403
-5.523 -0.00211123 -0.367855
-5.51 0.00913547 -0.367963
-5.497 0.0203737 -0.367729
-5.484 0.031593 -0.367153
-5.471 0.042783 -0.366237
-5.458 0.0539334 -0.364982
-5.445 0.0650341 -0.363391
-5.432 0.076075 -0.361465
-5.419 0.0870461 -0.359207
-5.406 0.0979374 -0.356621
-5.393 0.108739 -0.353709
-5.38 0.119442 -0.350474
-5.367 0.130036 -0.346921
-5.354 0.140513 -0.343053
-5.341 0.150862 -0.338874
-5.328 0.161075 -0.33439
-5.315 0.171143 -0.329605
-5.302 0.181057 -0.324524
-5.289 0.190809 -0.319152
-5.276 0.20039 -0.313494
-5.263 0.209793 -0.307558
-5.25 0.219009 -0.301347
-5.237 0.228031 -0.29487
-5.224 0.236852 -0.288131
-5.211 0.245463 -0.281138
-5.198 0.253858 -0.273897
-5.185 0.262029 -0.266416
-5.172 0.269972 -0.258701
-5.159 0.277678 -0.250761
-5.146 0.285142 -0.242601
-5.133 0.292359 -0.234231
-5.12 0.299322 -0.225658
-5.107 0.306025 -0.216889
-5.094 0.312465 -0.207933
-5.081 0.318636 -0.198798
-5.068 0.324533 -0.189492
-5.055 0.330152 -0.180024
-5.042 0.335489 -0.170403
-5.029 0.34054 -0.160636
-5.016 0.345302 -0.150732
-5.003 0.349772 -0.140701
-4.99 0.353945 -0.130551
-4.977 0.35782 -0.120291
-4.964 0.361394 -0.109929
-4.951 0.364665 -0.0994758
-4.938 0.367631 -0.088939
-4.925 0.37029 -0.0783279
-4.912 0.372641 -0.0676516
-4.899 0.374682 -0.0569192
-4.886 0.376414 -0.0461396
-4.873 0.377834 -0.035322
-4.86 0.378944 -0.0244752
-4.847 0.379742 -0.0136084
-4.834 0.380229 -0.00273037
-4.821 0.380406 0.00814986
-4.808 0.380272 0.0190235
-4.795 0.37983 0.0298816
-4.782 0.37908 0.0407156
-4.769 0.378024 0.0515166
-4.756 0.376662 0.0622761
-4.743 0.374999 0.0729856
-4.73 0.373034 0.0836366
-4.717 0.370772 0.0942207
-4.704 0.368214 0.10473
-4.691 0.365363 0.115156
-4.678 0.362222 0.12549
-4.665 0.358796 0.135725
-4.652 0.355086 0.145854
-4.639 0.351097 0.155867
-4.626 0.346833 0.165759
-4.613 0.342298 0.175521
-4.6 0.337496 0.185146
-4.587 0.332432 0.194627
-4.574 0.32711 0.203957
-4.561 0.321535 0.21313
-4.548 0.315712 0.222138
-4.535 0.309647 0.230976
-4.522 0.303344 0.239636
-4.509 0.296809 0.248114
-4.496 0.290049 0.256402
-4.483 0.283068 0.264496
-4.47 0.275872 0.272389
-4.457 0.268469 0.280077
-4.444 0.260862 0.287554
-4.431 0.25306 0.294814
-4.418 0.245069 0.301854
-4.405 0.236895 0.308669
-4.392 0.228544 0.315253
-4.379 0.220023 0.321604
-4.366 0.21134 0.327717
-4.353 0.202501 0.333588
-4.34 0.193513 0.339214
-4.327 0.184383 0.34459
-4.314 0.175118 0.349715
-4.301 0.165725 0.354585
-4.288 0.156212 0.359197
-4.275 0.146586 0.363549
-4.262 0.136854 0.367638
-4.249 0.127023 0.371463
-4.236 0.117101 0.375021
-4.223 0.107096 0.37831
-4.21 0.0970136 0.381329
-4.197 0.0868624 0.384077
-4.184 0.0766497 0.386553
-4.171 0.0663827 0.388755
-4.158 0.0560689 0.390684
-4.145 0.0457157 0.392337
-4.132 0.0353305 0.393716
-4.119 0.0249206 0.39482
-4.106 0.0144934 0.39565
-4.093 0.00405609 0.396204
-4.08 -0.00638401 0.396485
-4.067 -0.0168197 0.396492
-4.054 -0.0272439 0.396227
-4.041 -0.0376494 0.39569
-4.028 -0.0480291 0.394883
-4.015 -0.0583762 0.393808
-4.002 -0.0686837 0.392465
-3.989 -0.0789448 0.390857
-3.976 -0.0891526 0.388985
-3.963 -0.0993005 0.386852
-3.95 -0.109382 0.384459
-3.937 -0.11939 0.381811
-3.924 -0.129319 0.378908
-3.911 -0.139163 0.375754
-3.898 -0.148914 0.372351
-3.885 -0.158567 0.368703
-3.872 -0.168116 0.364813
-3.859 -0.177555 0.360685
-3.846 -0.186878 0.356321
-3.833 -0.19608 0.351726
-3.82 -0.205155 0.346903
-3.807 -0.214098 0.341856
-3.794 -0.222902 0.336588
-3.781 -0.231564 0.331106
-3.768 -0.240078 0.325411
-3.755 -0.248439 0.31951
-3.742 -0.256642 0.313405
-3.729 -0.264683 0.307103
-3.716 -0.272557 0.300606
-3.703 -0.28026 0.293922
-3.69 -0.287788 0.287053
-3.677 -0.295136 0.280005
-3.664 -0.302301 0.272783
-3.651 -0.309279 0.265392
-3.638 -0.316065 0.257838
-3.625 -0.322658 0.250125
-3.612 -0.329053 0.242259
-3.599 -0.335247 0.234245
-3.586 -0.341237 0.226088
-3.573 -0.34702 0.217795
-3.56 -0.352594 0.20937
-3.547 -0.357956 0.200818
-3.534 -0.363103 0.192147
-3.521 -0.368033 0.183361
-3.508 -0.372744 0.174466
-3.495 -0.377235 0.165467
-3.482 -0.381502 0.15637
-3.469 -0.385545 0.147182
-3.456 -0.389362 0.137907
-3.443 -0.392952 0.128552
-3.43 -0.396313 0.119122
-3.417 -0.399444 0.109623
-3.404 -0.402345 0.10006
-3.391 -0.405014 0.0904403
-3.378 -0.407451 0.0807685
-3.365 -0.409655 0.0710505
-3.352 -0.411627 0.0612922
-3.339 -0.413365 0.0514991
-3.326 -0.41487 0.041677
-3.313 -0.416142 0.0318314
-3.3 -0.417181 0.021968
-3.287 -0.417987 0.0120924
-3.274 -0.418561 0.00220998
-3.261 -0.418904 -0.00767361
-3.248 -0.419015 -0.017553
-3.235 -0.418897 -0.0274227
-3.222 -0.41855 -0.0372775
-3.209 -0.417975 -0.0471119
-3.196 -0.417173 -0.0569208
-3.183 -0.416145 -0.066699
-3.17 -0.414894 -0.0764413
-3.157 -0.413421 -0.0861427
-3.144 -0.411727 -0.0957981
-3.131 -0.409814 -0.105403
-3.118 -0.407685 -0.114951
-3.105 -0.405341 -0.124439
-3.092 -0.402784 -0.133862
-3.079 -0.400016 -0.143215
-3.066 -0.397041 -0.152494
-3.053 -0.393859 -0.161693
-3.04 -0.390475 -0.170809
-3.027 -0.38689 -0.179837
-3.014 -0.383106 -0.188774
-3.001 -0.379128 -0.197614
-2.988 -0.374958 -0.206354
-2.975 -0.370598 -0.214989
-2.962 -0.366052 -0.223517
-2.949 -0.361323 -0.231933
-2.936 -0.356413 -0.240233
-2.923 -0.351327 -0.248414
-2.91 -0.346067 -0.256472
-2.897 -0.340637 -0.264404
-2.884 -0.33504 -0.272207
-2.871 -0.32928 -0.279877
-2.858 -0.32336 -0.287411
-2.845 -0.317284 -0.294806
-2.832 -0.311056 -0.30206
-2.819 -0.304678 -0.309169
-2.806 -0.298156 -0.316131
-2.793 -0.291492 -0.322943
-2.78 -0.28469 -0.329603
-2.767 -0.277755 -0.336107
-2.754 -0.27069 -0.342455
-2.741 -0.263499 -0.348643
-2.728 -0.256186 -0.35467
-2.715 -0.248754 -0.360533
-2.702 -0.241209 -0.36623
-2.689 -0.233553 -0.371761
-2.676 -0.225791 -0.377122
-2.663 -0.217928 -0.382313
-2.65 -0.209966 -0.387332
-2.637 -0.20191 -0.392178
-2.624 -0.193764 -0.396849
-2.611 -0.185532 -0.401343
-2.598 -0.177218 -0.405661
-2.585 -0.168827 -0.409801
-2.572 -0.160361 -0.413761
-2.559 -0.151826 -0.417542
-2.546 -0.143226 -0.421142
-2.533 -0.134563 -0.424561
-2.52 -0.125844 -0.427798
-2.507 -0.11707 -0.430853
-2.494 -0.108247 -0.433726
-2.481 -0.0993782 -0.436415
-2.468 -0.0904679 -0.438922
-2.455 -0.0815197 -0.441246
-2.442 -0.0725378 -0.443386
-2.429 -0.0635259 -0.445344
-2.416 -0.0544879 -0.447118
-2.403 -0.0454277 -0.448711
-2.39 -0.0363491 -0.450121
-2.377 -0.0272557 -0.451349
-2.364 -0.0181514 -0.452396
-2.351 -0.00903984 -0.453262
-2.338 7.53174e-05 -0.453948
-2.325 0.00919044 -0.454455
-2.312 0.018302 -0.454783
-2.299 0.0274063 -0.454934
-2.286 0.0365001 -0.454907
-2.273 0.0455797 -0.454705
-2.26 0.0546418 -0.454329
-2.247 0.0636831 -0.453778
-2.234 0.0727002 -0.453056
-2.221 0.0816898 -0.452162
-2.208 0.0906488 -0.451099
-2.195 0.0995739 -0.449867
-2.182 0.108462 -0.448469
-2.169 0.11731 -0.446905
-2.156 0.126116 -0.445178
-2.143 0.134875 -0.443288
-2.13 0.143585 -0.441237
-2.117 0.152244 -0.439028
-2.104 0.160848 -0.436662
-2.091 0.169396 -0.43414
-2.078 0.177883 -0.431465
-2.065 0.186308 -0.428639
-2.052 0.194667 -0.425663
-2.039 0.20296 -0.422539
-2.026 0.211182 -0.41927
-2.013 0.219332 -0.415857
-2 0.227407 -0.412303
-1.987 0.235406 -0.408609
-1.974 0.243326 -0.404778
-1.961 0.251164 -0.400812
-1.948 0.258919 -0.396713
-1.935 0.266589 -0.392484
-1.922 0.274172 -0.388126
-1.909 0.281665 -0.383643
-1.896 0.289068 -0.379035
-1.883 0.296378 -0.374306
-1.87 0.303594 -0.369458
-1.857 0.310714 -0.364493
-1.844 0.317736 -0.359414
-1.831 0.32466 -0.354223
-1.818 0.331483 -0.348922
-1.805 0.338204 -0.343514
-1.792 0.344822 -0.338001
-1.779 0.351335 -0.332386
-1.766 0.357743 -0.326671
-1.753 0.364044 -0.320858
-1.74 0.370238 -0.31495
-1.727 0.376322 -0.30895
-1.714 0.382297 -0.30286
-1.701 0.388161 -0.296681
-1.688 0.393913 -0.290418
-1.675 0.399553 -0.284072
-1.662 0.40508 -0.277645
-1.649 0.410493 -0.27114
-1.636 0.415791 -0.26456
-1.623 0.420975 -0.257906
-1.61 0.426043 -0.251182
-1.597 0.430996 -0.24439
-1.584 0.435832 -0.237531
-1.571 0.440551 -0.230609
-1.558 0.445153 -0.223626
-1.545 0.449638 -0.216584
-1.532 0.454006 -0.209485
-1.519 0.458256 -0.202332
-1.506 0.462389 -0.195127
-1.493 0.466404 -0.187873
-1.48 0.470301 -0.180571
-1.467 0.474081 -0.173223
-1.454 0.477743 -0.165833
-1.441 0.481287 -0.158402
-1.428 0.484715 -0.150933
-1.415 0.488025 -0.143427
-1.402 0.491219 -0.135887
-1.389 0.494297 -0.128315
-1.376 0.497258 -0.120712
-1.363 0.500104 -0.113082
-1.35 0.502834 -0.105425
-1.337 0.50545 -0.0977444
-1.324 0.507952 -0.0900416
-1.311 0.51034 -0.0823187
-1.298 0.512615 -0.0745776
-1.285 0.514777 -0.0668201
-1.272 0.516828 -0.0590481
-1.259 0.518767 -0.0512634
-1.246 0.520597 -0.0434678
-1.233 0.522316 -0.035663
-1.22 0.523927 -0.0278508
-1.207 0.52543 -0.0200328
-1.194 0.526825 -0.0122108
-1.181 0.528114 -0.00438629
-1.168 0.529298 0.0034391
-1.155 0.530378 0.0112638
-1.142 0.531354 0.0190863
-1.129 0.532227 0.0269052
-1.116 0.532999 0.0347189
-1.103 0.53367 0.042526
-1.09 0.534242 0.0503252
-1.077 0.534715 0.0581152
-1.064 0.535091 0.0658946
-1.051 0.535371 0.0736621
-1.038 0.535555 0.0814166
-1.025 0.535646 0.0891568
-1.012 0.535644 0.0968815
-0.999 0.53555 0.10459
-0.986 0.535366 0.11228
-0.973 0.535093 0.119952
-0.96 0.534732 0.127604
-0.947 0.534284 0.135236
-0.934 0.53375 0.142845
-0.921 0.533133 0.150433
-0.908 0.532432 0.157996
-0.895 0.531649 0.165536
-0.882 0.530787 0.17305
-0.869 0.529845 0.180539
-0.856 0.528825 0.188001
-0.843 0.527729 0.195436
-0.83 0.526557 0.202844
-0.817 0.525312 0.210222
-0.804 0.523994 0.217572
-0.791 0.522605 0.224892
-0.778 0.521146 0.232182
-0.765 0.519618 0.239442
-0.752 0.518024 0.24667
-0.739 0.516363 0.253868
-0.726 0.514638 0.261033
-0.713 0.51285 0.268167
-0.7 0.511 0.275268
-0.687 0.50909 0.282337
-0.674 0.507121 0.289373
-0.661 0.505093 0.296376
-0.648 0.50301 0.303345
-0.635 0.500871 0.310282
-0.622 0.498679 0.317185
-0.609 0.496434 0.324055
-0.596 0.494138 0.330892
-0.583 0.491792 0.337695
-0.57 0.489398 0.344465
-0.557 0.486956 0.351202
-0.544 0.484469 0.357906
-0.531 0.481937 0.364577
-0.518 0.479362 0.371215
-0.505 0.476746 0.377821
-0.492 0.474088 0.384394
-0.479 0.471391 0.390936
-0.466 0.468656 0.397445
-0.453 0.465883 0.403924
-0.44 0.463076 0.410372
-0.427 0.460233 0.416789
-0.414 0.457358 0.423176
-0.401 0.454451 0.429533
-0.388 0.451512 0.435861
-0.375 0.448544 0.442161
-0.362 0.445548 0.448433
-0.349 0.442525 0.454677
-0.336 0.439475 0.460895
-0.323 0.4364 0.467086
-0.31 0.433302 0.473252
-0.297 0.430181 0.479393
-0.284 0.427038 0.48551
-0.271 0.423875 0.491603
-0.258 0.420692 0.497675
-0.245 0.417491 0.503724
-0.232 0.414273 0.509753
-0.219 0.411039 0.515761
-0.206 0.407789 0.521751
-0.193 0.404525 0.527722
-0.18 0.401248 0.533676
-0.167 0.397959 0.539614
-0.154 0.394658 0.545537
-0.141 0.391347 0.551445
-0.128 0.388027 0.557341
-0.115 0.384699 0.563224
-0.102 0.381363 0.569097
-0.089 0.37802 0.574959
-0.076 0.374672 0.580813
-0.063 0.371319 0.586659
-0.05 0.367961 0.5925
-0.037 0.364601 0.598335
-0.024 0.361239 0.604166
-0.011 0.357875 0.609995
0.002 0.35451 0.615823
0.015 0.351146 0.621651
0.028 0.347782 0.627481
0.041 0.34442 0.633314
0.054 0.341061 0.639151
0.067 0.337705 0.644994
0.08 0.334352 0.650844
0.093 0.331004 0.656703
0.106 0.327661 0.662572
0.119 0.324324 0.668453
0.132 0.320993 0.674348
0.145 0.31767 0.680257
0.158 0.314355 0.686184
0.171 0.311047 0.692128
0.184 0.307749 0.698093
0.197 0.304461 0.704079
0.21 0.301182 0.710089
0.223 0.297914 0.716124
0.236 0.294658 0.722186
0.249 0.291413 0.728277
0.262 0.288181 0.734399
0.275 0.284961 0.740553
0.288 0.281754 0.746741
0.301 0.278561 0.752966
0.314 0.275383 0.759229
0.327 0.272219 0.765532
0.34 0.26907 0.771878
0.353 0.265936 0.778268
0.366 0.262818 0.784704
0.379 0.259717 0.791189
0.392 0.256632 0.797725
0.405 0.253564 0.804313
0.418 0.250514 0.810957
0.431 0.247481 0.817658
0.444 0.244467 0.824418
0.457 0.24147 0.831241
0.47 0.238493 0.838127
0.483 0.235534 0.84508
0.496 0.232594 0.852102
0.509 0.229674 0.859196
0.522 0.226774 0.866363
0.535 0.223894 0.873607
0.548 0.221033 0.88093
0.561 0.218194 0.888334
0.574 0.215375 0.895823
0.587 0.212577 0.903398
0.6 0.2098 0.911063
0.613 0.207044 0.918821
0.626 0.20431 0.926674
0.639 0.201598 0.934624
0.652 0.198907 0.942676
0.665 0.196238 0.950832
0.678 0.193591 0.959094
0.691 0.190966 0.967466
0.704 0.188364 0.975952
0.717 0.185784 0.984553
0.73 0.183227 0.993274
0.743 0.180692 1.00212
0.756 0.17818 1.01109
0.769 0.17569 1.02018
0.782 0.173224 1.02942
0.795 0.17078 1.03878
0.808 0.168359 1.04829
0.821 0.165962 1.05794
0.834 0.163587 1.06774
0.847 0.161235 1.07768
0.86 0.158907 1.08778
0.873 0.156601 1.09804
0.886 0.154319 1.10846
0.899 0.15206 1.11905
0.912 0.149823 1.12981
0.925 0.14761 1.14074
0.938 0.14542 1.15185
0.951 0.143253 1.16314
0.964 0.14111 1.17462
0.977 0.138989 1.18629
0.99 0.136891 1.19816
1.003 0.134816 1.21023
1.016 0.132763 1.2225
1.029 0.130734 1.23498
1.042 0.128727 1.24768
1.055 0.126743 1.26059
1.068 0.124782 1.27374
1.081 0.122843 1.28711
1.094 0.120926 1.30071
1.107 0.119032 1.31456
1.12 0.11716 1.32865
1.133 0.115311 1.343
1.146 0.113483 1.3576
1.159 0.111678 1.37246
1.172 0.109894 1.3876
1.185 0.108132 1.40301
1.198 0.106392 1.41869
1.211 0.104673 1.43467
1.224 0.102975 1.45094
1.237 0.101299 1.46751
1.25 0.0996445 1.48439
1.263 0.0980107 1.50158
1.276 0.0963978 1.51909
1.289 0.0948057 1.53693
1.302 0.0932342 1.5551
1.315 0.0916833 1.57362
1.328 0.0901527 1.59248
1.341 0.0886424 1.61171
1.354 0.0871521 1.63129
1.367 0.0856818 1.65126
1.38 0.0842313 1.6716
1.393 0.0828004 1.69233
1.406 0.0813891 1.71346
1.419 0.079997 1.735
1.432 0.0786242 1.75696
1.445 0.0772703 1.77934
1.458 0.0759354 1.80215
1.471 0.0746191 1.82541
1.484 0.0733214 1.84912
1.497 0.0720421 1.8733
1.51 0.070781 1.89795
1.523 0.069538 1.92308
1.536 0.0683129 1.94871
1.549 0.0671055 1.97484
1.562 0.0659157 2.0015
1.575 0.0647433 2.02868
1.588 0.0635881 2.0564
1.601 0.06245 2.08467
1.614 0.0613287 2.11351
1.627 0.0602242 2.14292
1.64 0.0591363 2.17292
1.653 0.0580648 2.20352
1.666 0.0570094 2.23474
1.679 0.0559701 2.26659
1.692 0.0549468 2.29909
1.705 0.0539391 2.33224
1.718 0.0529469 2.36606
1.731 0.0519702 2.40057
1.744 0.0510086 2.43578
1.757 0.0500621 2.47171
1.77 0.0491304 2.50837
1.783 0.0482134 2.54578
1.796 0.047311 2.58396
1.809 0.0464229 2.62293
1.822 0.045549 2.6627
1.835 0.0446892 2.70328
1.848 0.0438432 2.74471
1.861 0.0430108 2.78699
1.874 0.0421921 2.83015
1.887 0.0413866 2.8742
1.9 0.0405944 2.91918
1.913 0.0398152 2.96509
1.926 0.0390489 3.01195
1.939 0.0382953 3.0598
1.952 0.0375543 3.10865
1.965 0.0368256 3.15853
1.978 0.0361091 3.20946
1.991 0.0354048 3.26145
2.004 0.0347123 3.31455
2.017 0.0340316 3.36877
2.03 0.0333625 3.42414
2.043 0.0327049 3.48068
2.056 0.0320585 3.53842
2.069 0.0314233 3.59739
2.082 0.0307991 3.65763
2.095 0.0301857 3.71914
2.108 0.029583 3.78198
2.121 0.0289908 3.84616
2.134 0.028409 3.91172
2.147 0.0278375 3.97869
2.16 0.0272761 4.04711
2.173 0.0267246 4.117
2.186 0.0261829 4.18841
2.199 0.0256509 4.26136
2.212 0.0251285 4.3359
2.225 0.0246154 4.41205
2.238 0.0241116 4.48987
2.251 0.0236169 4.56938
2.264 0.0231312 4.65064
2.277 0.0226544 4.73367
2.29 0.0221862 4.81852
2.303 0.0217267 4.90524
2.316 0.0212756 4.99387
2.329 0.0208328 5.08445
2.342 0.0203983 5.17704
2.355 0.0199718 5.27167
2.368 0.0195533 5.3684
2.381 0.0191425 5.46728
2.394 0.0187395 5.56836
2.407 0.0183441 5.67169
2.42 0.0179561 5.77734
2.433 0.0175755 5.88534
2.446 0.0172021 5.99576
2.459 0.0168358 6.10866
2.472 0.0164765 6.2241
2.485 0.0161241 6.34215
2.498 0.0157785 6.46285
2.511 0.0154395 6.58628
2.524 0.0151071 6.71251
2.537 0.0147811 6.8416
2.55 0.0144615 6.97363
2.563 0.0141481 7.10866
2.576 0.0138408 7.24677
2.589 0.0135396 7.38803
2.602 0.0132442 7.53253
2.615 0.0129547 7.68034
2.628 0.0126709 7.83155
2.641 0.0123928 7.98623
2.654 0.0121202 8.14448
2.667 0.011853 8.30638
2.68 0.0115911 8.47202
2.693 0.0113346 8.64151
2.706 0.0110831 8.81492
2.719 0.0108368 8.99237
2.732 0.0105954 9.17395
2.745 0.0103589 9.35976
2.758 0.0101272 9.54992
2.771 0.00990023 9.74453
2.784 0.0096779 9.9437
2.797 0.00946012 10.1476
2.81 0.00924682 10.3562
2.823 0.00903791 10.5698
2.836 0.00883331 10.7884
2.849 0.00863294 11.0122
2.862 0.00843673 11.2412
2.875 0.0082446 11.4758
2.888 0.00805647 11.7159
2.901 0.00787228 11.9617
2.914 0.00769195 12.2133
2.927 0.00751541 12.471
2.94 0.00734258 12.7349
2.953 0.0071734 13.0051
2.966 0.0070078 13.2818
2.979 0.00684572 13.5651
2.992 0.00668708 13.8553
3.005 0.00653182 14.1525
3.018 0.00637988 14.4568
3.031 0.00623119 14.7686
3.044 0.0060857 15.0879
3.057 0.00594334 15.4149
3.07 0.00580404 15.75
3.083 0.00566776 16.0932
3.096 0.00553444 16.4448
3.109 0.005404 16.805
3.122 0.00527641 17.174
3.135 0.0051516 17.5521
3.148 0.00502952 17.9394
3.161 0.00491012 18.3364
3.174 0.00479334 18.7431
3.187 0.00467913 19.1599
3.2 0.00456744 19.587
3.213 0.00445822 20.0247
3.226 0.00435142 20.4732
3.239 0.004247 20.933
3.252 0.0041449 21.4042
3.265 0.00404507 21.8871
3.278 0.00394748 22.3821
3.291 0.00385208 22.8896
3.304 0.00375882 23.4097
3.317 0.00366766 23.943
3.33 0.00357855 24.4896
3.343 0.00349146 25.0501
3.356 0.00340634 25.6247
3.369 0.00332315 26.2138
3.382 0.00324185 26.8178
3.395 0.00316241 27.4372
3.408 0.00308478 28.0723
3.421 0.00300893 28.7236
3.434 0.00293482 29.3915
3.447 0.00286241 30.0765
3.46 0.00279167 30.779
3.473 0.00272256 31.4995
3.486 0.00265505 32.2384
3.499 0.00258911 32.9964
3.512 0.00252469 33.7739
3.525 0.00246178 34.5714
3.538 0.00240033 35.3895
3.551 0.00234031 36.2288
3.564 0.0022817 37.0898
3.577 0.00222447 37.9732
3.59 0.00216857 38.8795
3.603 0.002114 39.8094
3.616 0.00206071 40.7636
3.629 0.00200868 41.7427
3.642 0.00195789 42.7473
3.655 0.00190829 43.7783
3.668 0.00185988 44.8363
3.681 0.00181262 45.9222
3.694 0.00176649 47.0366
3.707 0.00172146 48.1803
3.72 0.00167751 49.3543
3.733 0.00163461 50.5592
3.746 0.00159275 51.7961
3.759 0.00155189 53.0658
3.772 0.00151202 54.3692
3.785 0.00147312 55.7072
3.798 0.00143515 57.0809
3.811 0.00139811 58.4912
3.824 0.00136197 59.9392
3.837 0.0013267 61.4259
3.85 0.0012923 62.9525
3.863 0.00125874 64.52
3.876 0.001226 66.1297
3.889 0.00119406 67.7826
3.902 0.00116291 69.4802
3.915 0.00113253 71.2235
3.928 0.00110289 73.014
3.941 0.00107399 74.8529
3.954 0.0010458 76.7417
3.967 0.00101831 78.6818
3.98 0.000991507 80.6747
3.993 0.000965368 82.7218
4.006 0.00093988 84.8247
4.019 0.000915029 86.9851
4.032 0.000890799 89.2045
4.045 0.000867176 91.4848
4.058 0.000844146 93.8275
4.071 0.000821695 96.2347
4.084 0.000799809 98.708
4.097 0.000778476 101.25
4.11 0.000757681 103.861
4.123 0.000737413 106.545
4.136 0.000717658 109.303
4.149 0.000698406 112.137
4.162 0.000679642 115.05
4.175 0.000661357 118.044
4.188 0.000643539 121.121
4.201 0.000626176 124.284
4.214 0.000609258 127.536
4.227 0.000592774 130.878
4.24 0.000576713 134.313
4.253 0.000561065 137.845
4.266 0.000545821 141.476
4.279 0.00053097 145.209
4.292 0.000516503 149.047
4.305 0.000502411 152.993
4.318 0.000488684 157.05
4.331 0.000475314 161.222
4.344 0.000462292 165.512
4.357 0.00044961 169.924
4.37 0.000437258 174.46
4.383 0.000425229 179.126
4.396 0.000413516 183.924
4.409 0.000402109 188.859
4.422 0.000391002 193.934
4.435 0.000380188 199.155
4.448 0.000369658 204.525
4.461 0.000359407 210.048
4.474 0.000349426 215.73
4.487 0.000339709 221.575
4.5 0.00033025 227.588
4.513 0.000321043 233.774
4.526 0.00031208 240.139
4.539 0.000303356 246.687
4.552 0.000294864 253.424
4.565 0.0002866 260.357
4.578 0.000278556 267.49
4.591 0.000270728 274.83
4.604 0.00026311 282.384
4.617 0.000255697 290.157
4.63 0.000248483 298.156
4.643 0.000241464 306.389
4.656 0.000234635 314.863
4.669 0.000227989 323.584
4.682 0.000221524 332.56
4.695 0.000215234 341.8
4.708 0.000209115 351.311
4.721 0.000203163 361.101
4.734 0.000197372 371.18
4.747 0.000191739 381.556
4.76 0.00018626 392.237
4.773 0.000180931 403.234
4.786 0.000175748 414.557
4.799 0.000170708 426.215
4.812 0.000165805 438.218
4.825 0.000161037 450.578
4.838 0.000156401 463.306
4.851 0.000151893 476.412
4.864 0.000147509 489.909
4.877 0.000143246 503.808
4.89 0.000139102 518.123
4.903 0.000135072 532.866
4.916 0.000131155 548.051
4.929 0.000127346 563.691
4.942 0.000123643 579.801
4.955 0.000120044 596.394
4.968 0.000116545 613.488
4.981 0.000113144 631.096
4.994 0.000109839 649.236
